"date"	"bassin"	"comptage"	"sel"	"temperature"	"o2"	"niveau"	"annee"	"dateJ"
"2014-06-26"	"B"	3	56.95	26.45	4.75	14	2014	176
"2014-06-26"	"C"	19	50.9	25.25	7.2	8.5	2014	176
"2014-06-26"	"D"	68	102.65	25.9	3.1	18	2014	176
"2014-06-26"	"G"	4	88.325	25	5.95	16.25	2014	176
"2014-06-26"	"H"	48	119.45	25.85	4.85	13.75	2014	176
"2014-06-26"	"I"	295	46.1	25.35	7.6	75	2014	176
"2014-06-26"	"J"	33	75.9	25.7	6.175	12	2014	176
"2014-06-26"	"KL"	35	105.9	27.15	5.9	10	2014	176
"2014-07-03"	"B"	29	54.7	29.1	6	21	2014	183
"2014-07-03"	"C"	3	55.7	26.5	11.2	5	2014	183
"2014-07-03"	"D"	76	130	26.3	2.6	18	2014	183
"2014-07-03"	"G"	6	119.4	26.6	8	17.5	2014	183
"2014-07-03"	"H"	28	130	27.3	5.85	12	2014	183
"2014-07-03"	"I"	55	45.7	25.3	10.1	80	2014	183
"2014-07-03"	"J"	9	59.45	25.8	7.85	12	2014	183
"2014-07-03"	"KL"	199	130	28.4	7.2	10	2014	183
"2014-07-10"	"B"	82	58.0157894736842	26.7052631578947	6.14736842105263	20.6315789473684	2014	190
"2014-07-10"	"C"	13	58.3526315789474	25.8	10.4631578947368	5	2014	190
"2014-07-10"	"D"	91	130	25.8578947368421	3.33684210526316	18.7368421052632	2014	190
"2014-07-10"	"G"	4	123.305263157895	26.2868421052632	7.00526315789474	16.7631578947368	2014	190
"2014-07-10"	"H"	97	130	27.0236842105263	5.53684210526316	12.9210526315789	2014	190
"2014-07-10"	"I"	4	48.1684210526316	25.5578947368421	9.8421052631579	80	2014	190
"2014-07-10"	"J"	2	65.9526315789474	25.8	8.42105263157895	13.1052631578947	2014	190
"2014-07-10"	"KL"	250	130	28.1421052631579	7.82631578947368	19.2105263157895	2014	190
"2014-07-17"	"B"	131	55.2	26.2	6.1	21.5	2014	197
"2014-07-17"	"C"	10	56.7	25.3	9.2	7.5	2014	197
"2014-07-17"	"D"	62	130	25.05	3.75	19	2014	197
"2014-07-17"	"G"	135	124.7	26.175	7.025	21.25	2014	197
"2014-07-17"	"H"	22	130	26.7	5.925	14.5	2014	197
"2014-07-17"	"I"	1	51.2	25.65	9.6	80	2014	197
"2014-07-17"	"J"	14	94.725	25.4	7.55	13	2014	197
"2014-07-17"	"KL"	80	130	27.75	6.8	12.5	2014	197
"2014-07-24"	"B"	89	61.9222222222222	22.7555555555556	6.35555555555556	20.4444444444444	2014	204
"2014-07-24"	"C"	45	61.7444444444444	24.4888888888889	8.75555555555555	6.11111111111111	2014	204
"2014-07-24"	"D"	103	130	24.8111111111111	4.66666666666667	20	2014	204
"2014-07-24"	"G"	64	130	25.75	5.46666666666667	17.6111111111111	2014	204
"2014-07-24"	"H"	7	130	26.45	5.22222222222222	15.0555555555556	2014	204
"2014-07-24"	"I"	10	53.3555555555556	26	9.33333333333333	80	2014	204
"2014-07-24"	"J"	139	88.8555555555556	25.6222222222222	8.92222222222222	14.7777777777778	2014	204
"2014-07-24"	"KL"	20	130	27.5666666666667	8.34444444444444	30.5555555555556	2014	204
"2014-07-30"	"B"	207	81.38	22.5733333333333	6.02666666666667	20.2666666666667	2014	210
"2014-07-30"	"C"	14	69.54	23.3733333333333	8.05333333333333	7.66666666666667	2014	210
"2014-07-30"	"D"	104	111.813333333333	23.8733333333333	5.34666666666667	16	2014	210
"2014-07-30"	"G"	10	130	24.59	6.1	16.8333333333333	2014	210
"2014-07-30"	"H"	31	130	25.3366666666667	5.34666666666667	15.4333333333333	2014	210
"2014-07-30"	"I"	440	54.3466666666667	25.0933333333333	9.10666666666667	80	2014	210
"2014-07-30"	"J"	65	82.8333333333333	24.7066666666667	8.70666666666667	15.1333333333333	2014	210
"2014-07-30"	"KL"	108	130	26.3133333333333	8.55333333333333	27.5333333333333	2014	210
"2014-08-07"	"B"	200	80.4666666666667	23.0333333333333	5.8	21.6666666666667	2014	218
"2014-08-07"	"C"	17	67.7333333333333	22.7333333333333	6.43333333333333	11.6666666666667	2014	218
"2014-08-07"	"D"	68	107.266666666667	22.7	5.73333333333333	15	2014	218
"2014-08-07"	"G"	0	130	24.3	6.8	23.5	2014	218
"2014-08-07"	"H"	75	130	24.7333333333333	6.1	17.3333333333333	2014	218
"2014-08-07"	"I"	10	57.7	24.8666666666667	8.83333333333333	80	2014	218
"2014-08-07"	"J"	27	119.533333333333	23.9	7.1	14.5	2014	218
"2014-08-07"	"KL"	67	130	25.5666666666667	6.8	12.3333333333333	2014	218
"2014-08-14"	"B"	254	64.94	21.86	6.72	21.2	2014	225
"2014-08-14"	"C"	21	58.1	23.46	7.48	8	2014	225
"2014-08-14"	"D"	46	130	23.28	5.62	20	2014	225
"2014-08-14"	"G"	10	130	25.51	7.43	22	2014	225
"2014-08-14"	"H"	27	130	25.72	5.38	16.2	2014	225
"2014-08-14"	"I"	79	58.74	26.08	8.7	74	2014	225
"2014-08-14"	"J"	27	116.72	24.64	5.83	14.4	2014	225
"2014-08-14"	"KL"	116	102.8	24.58	7.24	17	2014	225
"2014-08-21"	"B"	412	130	22.5	5	21	2014	232
"2014-08-21"	"C"	8	87.8	20	4.9	15	2014	232
"2014-08-21"	"D"	132	61.8	20.5	7.4	5	2014	232
"2014-08-21"	"G"	47	130	21.4	8.3	20.5	2014	232
"2014-08-21"	"H"	25	130	22	6.3	18	2014	232
"2014-08-21"	"I"	252	59.7	22.6	8.3	80	2014	232
"2014-08-21"	"J"	16	98.6	21.7	6.8	15.5	2014	232
"2014-08-21"	"KL"	161	130	22.5	7.6	7	2014	232
"2014-08-28"	"B"	270	104.4	21.1	6.25	20.5	2014	239
"2014-08-28"	"C"	5	73.25	21.25	6.4	10	2014	239
"2014-08-28"	"D"	36	95.9	21.5	7.05	12.5	2014	239
"2014-08-28"	"G"	0	130	23.275	8.9	19	2014	239
"2014-08-28"	"H"	91	130	23.575	5.375	16.5	2014	239
"2014-08-28"	"I"	75	60.75	24.4	8.2	72.5	2014	239
"2014-08-28"	"J"	23	97.7	22.9	5.25	15.25	2014	239
"2014-08-28"	"KL"	112	96	21.65	8.05	13.5	2014	239
"2014-09-04"	"B"	40	78.8	19.7	7.5	20	2014	246
"2014-09-04"	"C"	6	58.7	22.5	7.9	5	2014	246
"2014-09-04"	"D"	71	130	22.5	6.7	20	2014	246
"2014-09-04"	"G"	5	130	25.15	9.5	17.5	2014	246
"2014-09-04"	"H"	38	130	25.15	4.45	15	2014	246
"2014-09-04"	"I"	261	61.8	26.2	8.1	65	2014	246
"2014-09-04"	"J"	61	96.8	24.1	3.7	15	2014	246
"2014-09-04"	"KL"	97	62	20.8	8.5	20	2014	246
"2014-09-12"	"B"	157	78.4210526315789	20.2473684210526	7.33157894736842	17.8947368421053	2014	254
"2014-09-12"	"C"	3	54.9947368421053	21.9947368421053	8.6578947368421	5	2014	254
"2014-09-12"	"D"	45	130	22.2894736842105	5.43684210526316	20	2014	254
"2014-09-12"	"G"	67	130	24.2657894736842	8.51052631578947	22.7631578947368	2014	254
"2014-09-12"	"H"	94	130	24.2236842105263	5.52368421052632	19.2105263157895	2014	254
"2014-09-12"	"I"	1	60.0736842105263	24.6421052631579	7.2578947368421	71.3157894736842	2014	254
"2014-09-12"	"J"	129	93.6631578947368	23.1315789473684	5.55263157894737	14.5789473684211	2014	254
"2014-09-12"	"KL"	104	90.6315789473684	21.5157894736842	8.79473684210526	15.7894736842105	2014	254
"2014-09-18"	"B"	100	55.45	19.75	7.85	20	2014	260
"2014-09-18"	"C"	13	43.2	21.35	8.3	5	2014	260
"2014-09-18"	"D"	13	103.3	21.9	7.05	22.5	2014	260
"2014-09-18"	"G"	2	119.675	23.175	9.175	25	2014	260
"2014-09-18"	"H"	82	130	24.025	6.3	21.25	2014	260
"2014-09-18"	"I"	11	56.3	23.55	9.6	72.5	2014	260
"2014-09-18"	"J"	29	77.75	22.925	6.25	14.25	2014	260
"2014-09-18"	"KL"	48	96	22.05	9.1	22	2014	260
"2014-09-25"	"B"	47	67.7222222222222	20.7333333333333	7.34444444444444	16.1111111111111	2014	267
"2014-09-25"	"C"	0	44.9666666666667	21.0555555555556	9.47777777777778	5	2014	267
"2014-09-25"	"D"	0	118.133333333333	21.8444444444444	4.52222222222222	21.1111111111111	2014	267
"2014-09-25"	"G"	0	125.411111111111	22.6388888888889	7.52777777777778	30.5555555555556	2014	267
"2014-09-25"	"H"	1	130	22.9388888888889	7.25555555555556	25.5555555555556	2014	267
"2014-09-25"	"I"	1	56.1666666666667	22.1444444444444	7.21111111111111	80	2014	267
"2014-09-25"	"J"	3	82.5388888888889	21.7888888888889	8.25555555555555	13.8888888888889	2014	267
"2014-09-25"	"KL"	17	130	22.6777777777778	9.31111111111111	13.1111111111111	2014	267
"2014-10-02"	"B"	84	32.1	19.8	8.2	20	2014	274
"2014-10-02"	"C"	0	27.7	20.2	8.7	5	2014	274
"2014-10-02"	"D"	2	76.6	21.3	7.4	25	2014	274
"2014-10-02"	"G"	0	109.35	21.2	8.85	32.5	2014	274
"2014-10-02"	"H"	1	130	22.9	8.15	27.5	2014	274
"2014-10-02"	"I"	2	50.8	20.9	11.1	80	2014	274
"2014-10-02"	"J"	2	58.7	21.75	8.8	13.5	2014	274
"2014-10-02"	"KL"	0	130	23.3	9.7	24	2014	274
"2014-10-16"	"B"	7	19.7	18.8	6.6	18	2014	288
"2014-10-16"	"C"	0	15.7	19.7	9.1	4	2014	288
"2014-10-16"	"D"	5	54.7	20.5	7.8	35	2014	288
"2014-10-16"	"G"	4	75.4	20.75	8.5	30	2014	288
"2014-10-16"	"H"	2	103.3	22	7.15	25.5	2014	288
"2014-10-16"	"I"	3	47	22	1.6	87	2014	288
"2014-10-16"	"J"	24	54.9	20.95	6.85	21.5	2014	288
"2014-10-16"	"KL"	3	73.4	21.8	7.3	35	2014	288
"2014-11-19"	"B"	129	23.58	14.0533333333333	9.67777777777778	7.91111111111111	2014	322
"2014-11-19"	"C"	0	17.337037037037	14.9148148148148	8.51234567901234	2.32098765432099	2014	322
"2014-11-19"	"D"	9	56.2711111111111	15.0666666666667	8.20444444444444	21.7333333333333	2014	322
"2014-11-19"	"G"	1	76.6977777777778	14.98	7.61222222222222	19.2222222222222	2014	322
"2014-11-19"	"H"	6	79.8011111111111	15.2266666666667	9.03333333333333	26.1555555555556	2014	322
"2014-11-19"	"I"	5	42.3311111111111	15.1066666666667	8.09555555555555	82.1111111111111	2014	322
"2014-11-19"	"J"	5	44.3011111111111	15.4733333333333	8.41111111111111	10.8444444444444	2014	322
"2014-11-19"	"KL"	7	67.0066666666667	15.8666666666667	7.73555555555556	26.1555555555556	2014	322
"2014-12-11"	"B"	216	19.3253968253968	10.4285714285714	9.98253968253968	10.6349206349206	2014	344
"2014-12-11"	"C"	0	18.3962962962963	11.8185185185185	8.1320987654321	1.23456790123457	2014	344
"2014-12-11"	"D"	0	41.0253968253968	12.3142857142857	8.92698412698413	16.6349206349206	2014	344
"2014-12-11"	"G"	0	57.9698412698413	11.7428571428571	8.8531746031746	13.4444444444444	2014	344
"2014-12-11"	"H"	0	61.318253968254	12.284126984127	9.22380952380952	24.7619047619048	2014	344
"2014-12-11"	"I"	0	37.9603174603175	12.7396825396825	8.90952380952381	78.015873015873	2014	344
"2014-12-11"	"J"	11	38.7119047619048	12.2825396825397	9.17777777777778	15.8412698412698	2014	344
"2014-12-11"	"KL"	0	52.4460317460317	13.0539682539683	8.63333333333333	24.4603174603175	2014	344
"2014-12-19"	"B"	65	5.84444444444444	9.61666666666667	10.0166666666667	15	2014	352
"2014-12-19"	"C"	1	10.5333333333333	11.7	10.5333333333333	2.83333333333333	2014	352
"2014-12-19"	"D"	75	10.2333333333333	11.0833333333333	9.32777777777778	41.7777777777778	2014	352
"2014-12-19"	"G"	0	21.2944444444444	11.325	9.93333333333333	43.5555555555556	2014	352
"2014-12-19"	"H"	0	30.1083333333333	11.5055555555556	9.98333333333333	49.0277777777778	2014	352
"2014-12-19"	"I"	0	29.7444444444444	12.2777777777778	9.91111111111111	94.1666666666667	2014	352
"2014-12-19"	"J"	0	20.9722222222222	11.6361111111111	9.725	16.2777777777778	2014	352
"2014-12-19"	"KL"	0	26.6888888888889	11.8777777777778	10.6777777777778	49	2014	352
"2015-01-08"	"B"	32	9.91176470588235	6.44705882352941	10.4235294117647	15.8823529411765	2015	7
"2015-01-08"	"C"	0	18.4352941176471	7.96470588235294	8.3	0.705882352941177	2015	7
"2015-01-08"	"D"	339	14.2	9.04705882352941	9.88823529411765	21.1764705882353	2015	7
"2015-01-08"	"G"	0	24.85	8.03235294117647	10.6852941176471	19	2015	7
"2015-01-08"	"H"	0	30.8882352941176	8.82941176470588	9.92058823529412	30.6470588235294	2015	7
"2015-01-08"	"I"	1	30.1470588235294	10.0588235294118	10.1	80	2015	7
"2015-01-08"	"J"	1	25.8058823529412	8.55	10.3352941176471	19.5	2015	7
"2015-01-08"	"KL"	1	27.9529411764706	9.5	10.4764705882353	30.4117647058824	2015	7
"2015-01-17"	"B"	111	9.25333333333333	6.76666666666667	10.38	15.8	2015	16
"2015-01-17"	"C"	4	16.88	8.27333333333333	8.42	1.33333333333333	2015	16
"2015-01-17"	"D"	160	13.4266666666667	9.31333333333333	10.0133333333333	20.7333333333333	2015	16
"2015-01-17"	"G"	0	23.6233333333333	8.61666666666667	10.26	19.2666666666667	2015	16
"2015-01-17"	"H"	12	29.2866666666667	9.55666666666667	9.72666666666667	27.5666666666667	2015	16
"2015-01-17"	"I"	1	29.1133333333333	10.3866666666667	10.1266666666667	80	2015	16
"2015-01-17"	"J"	0	24.1033333333333	9.02333333333334	10.2433333333333	18.3333333333333	2015	16
"2015-01-17"	"KL"	0	26.3066666666667	10.3866666666667	10.3266666666667	32.5333333333333	2015	16
"2015-01-27"	"B"	240	9.08928571428571	6.43214285714286	10.9285714285714	19.6428571428571	2015	26
"2015-01-27"	"C"	0	12.3571428571429	6.72142857142857	10.975	4.17857142857143	2015	26
"2015-01-27"	"D"	32	13.6821428571429	8.99642857142857	10.3535714285714	21.6428571428571	2015	26
"2015-01-27"	"G"	1	21.4339285714286	7.05	11.2017857142857	19.1785714285714	2015	26
"2015-01-27"	"H"	1	28.9	8.3625	10.7446428571429	20.5714285714286	2015	26
"2015-01-27"	"I"	1	27.9285714285714	9.66785714285714	10.1178571428571	80	2015	26
"2015-01-27"	"J"	1	21.8803571428571	7.56964285714286	11.075	12.2321428571429	2015	26
"2015-01-27"	"KL"	1	25.7821428571429	8.79642857142857	11.1392857142857	24.9642857142857	2015	26
"2015-02-10"	"B"	109	10.4650793650794	8.25079365079365	10.8190476190476	19.0952380952381	2015	40
"2015-02-10"	"C"	3	14.6587301587302	7.90793650793651	10.3761904761905	4	2015	40
"2015-02-10"	"D"	113	16.0396825396825	10.5190476190476	10.5714285714286	21.0952380952381	2015	40
"2015-02-10"	"G"	0	22.1555555555556	8.85714285714286	11.7611111111111	19.1507936507937	2015	40
"2015-02-10"	"H"	0	29.4928571428571	9.83571428571429	11.1912698412698	23.0555555555556	2015	40
"2015-02-10"	"I"	1	27.5047619047619	10.7873015873016	10.5825396825397	80	2015	40
"2015-02-10"	"J"	1	22.3928571428571	9.21587301587302	11.2	14.0079365079365	2015	40
"2015-02-10"	"KL"	0	25.4428571428571	9.75873015873016	12.0238095238095	21.7936507936508	2015	40
"2015-02-20"	"B"	30	7.35714285714286	7.65714285714286	10.5942857142857	17.9714285714286	2015	50
"2015-02-20"	"C"	1	9.66	8.29142857142857	10.3514285714286	4.97142857142857	2015	50
"2015-02-20"	"D"	205	11.5571428571429	10.0314285714286	10.6171428571429	19.9714285714286	2015	50
"2015-02-20"	"G"	0	18.7085714285714	9.48857142857143	9.67571428571429	19.9857142857143	2015	50
"2015-02-20"	"H"	2	24.4214285714286	11.0528571428571	9.85571428571429	14.3285714285714	2015	50
"2015-02-20"	"I"	1	25.2971428571429	10.9885714285714	10.2428571428571	80	2015	50
"2015-02-20"	"J"	5	17.7585714285714	9.62857142857143	10.52	11.1857142857143	2015	50
"2015-02-20"	"KL"	0	21.1342857142857	12.0457142857143	10.4942857142857	33.5714285714286	2015	50
"2015-03-02"	"B"	140	8.92857142857143	9.22857142857143	10.5371428571429	17.6857142857143	2015	60
"2015-03-02"	"C"	5	12.26	9.20571428571428	9.86571428571429	4.68571428571429	2015	60
"2015-03-02"	"D"	37	14.1285714285714	11.3457142857143	10.7885714285714	19.6857142857143	2015	60
"2015-03-02"	"G"	3	19.7942857142857	10.8742857142857	10.4328571428571	19.8428571428571	2015	60
"2015-03-02"	"H"	2	25.6357142857143	12.0814285714286	10.4128571428571	17.6142857142857	2015	60
"2015-03-02"	"I"	1	25.2685714285714	11.8742857142857	10.6714285714286	80	2015	60
"2015-03-02"	"J"	7	18.8442857142857	10.9142857142857	10.72	13.0428571428571	2015	60
"2015-03-02"	"KL"	1	21.4771428571429	12.5028571428571	11.4371428571429	29.2857142857143	2015	60
"2015-03-19"	"B"	77	21.4	12.05	9.25	19.5	2015	77
"2015-03-19"	"C"	13	19.75	12.05	8.3	4.5	2015	77
"2015-03-19"	"D"	33	24.1	14.25	10.6	20	2015	77
"2015-03-19"	"G"	1	27.7	13.825	11.15	17.25	2015	77
"2015-03-19"	"H"	0	33.575	14.75	10.575	13.5	2015	77
"2015-03-19"	"I"	12	27.5	14.7	8.95	80	2015	77
"2015-03-19"	"J"	5	29.075	13.675	10.025	11.5	2015	77
"2015-03-19"	"KL"	7	25.4	15.45	10.45	22	2015	77
"2015-03-27"	"B"	87	13.7904761904762	13.1714285714286	10.2809523809524	17.1904761904762	2015	85
"2015-03-27"	"C"	8	19.052380952381	11.6142857142857	8.58095238095238	4	2015	85
"2015-03-27"	"D"	8	21.0904761904762	14.6952380952381	11.1714285714286	19.047619047619	2015	85
"2015-03-27"	"G"	0	23.0857142857143	14.3952380952381	12.2714285714286	19.2619047619048	2015	85
"2015-03-27"	"H"	1	29.2309523809524	14.7404761904762	11.7309523809524	24.9047619047619	2015	85
"2015-03-27"	"I"	10	25.4142857142857	14.2142857142857	11.5095238095238	80	2015	85
"2015-03-27"	"J"	18	22.3571428571429	14.1833333333333	11.1214285714286	17.2380952380952	2015	85
"2015-03-27"	"KL"	8	22.652380952381	13.852380952381	13.547619047619	18.5714285714286	2015	85
"2015-04-02"	"B"	20	20.3333333333333	14.2	9.56666666666667	18.3333333333333	2015	91
"2015-04-02"	"C"	4	22.3666666666667	12.9	7.86666666666667	4	2015	91
"2015-04-02"	"D"	145	25.8333333333333	15.8666666666667	11	19.3333333333333	2015	91
"2015-04-02"	"G"	4	27.2	15.5666666666667	12.4	17.8333333333333	2015	91
"2015-04-02"	"H"	3	33.3166666666667	15.8833333333333	11.6166666666667	21.3333333333333	2015	91
"2015-04-02"	"I"	43	26.7	15.5	10.3666666666667	80	2015	91
"2015-04-02"	"J"	17	27.8	15.2833333333333	10.65	15.6666666666667	2015	91
"2015-04-02"	"KL"	15	24.7666666666667	15.3666666666667	12.6333333333333	16	2015	91
"2015-04-09"	"B"	18	22.38	15.04	9.72	13.4	2015	98
"2015-04-09"	"C"	7	26.62	13.36	7.78	4.4	2015	98
"2015-04-09"	"D"	6	29.14	15.78	9.44	22.6	2015	98
"2015-04-09"	"G"	5	28.92	15.9	11.47	16.9	2015	98
"2015-04-09"	"H"	18	36.17	16.45	11.45	22.5	2015	98
"2015-04-09"	"I"	27	27.2553191489362	16.531914893617	9.79361702127659	80	2015	98
"2015-04-09"	"J"	13	28.43	15.84	10.96	15.3	2015	98
"2015-04-09"	"KL"	10	25.94	16.12	11.94	15.8	2015	98
"2015-04-16"	"B"	14	35.6	16.6	7.9	21	2015	105
"2015-04-16"	"C"	4	30.1	15.9	6.2	4	2015	105
"2015-04-16"	"D"	8	36.9	18.6	10.6	20	2015	105
"2015-04-16"	"G"	8	36.8	18.3	12.7	14.5	2015	105
"2015-04-16"	"H"	19	42.85	18.55	11.35	13	2015	105
"2015-04-16"	"I"	18	29.7	18.5	7.7	80	2015	105
"2015-04-16"	"J"	21	40.5	17.85	9.55	12	2015	105
"2015-04-16"	"KL"	62	29.7	18.9	10.5	10	2015	105
"2015-04-30"	"B"	13	36.9	18.1	8.7	8	2015	119
"2015-04-30"	"C"	11	38.8	16.3	6.4	5	2015	119
"2015-04-30"	"D"	36	42.4	17.7	6.8	28	2015	119
"2015-04-30"	"G"	40	38.7	18.45	10.3	13	2015	119
"2015-04-30"	"H"	57	47.6	19.3	11	18	2015	119
"2015-04-30"	"I"	19	31.8333333333333	19.9333333333333	8	80	2015	119
"2015-04-30"	"J"	14	38.9	18.6	10.6	12	2015	119
"2015-04-30"	"KL"	73	31.4	19.9	9.3	11	2015	119
"2015-05-07"	"B"	8	42.875	19	8.875	10.75	2015	126
"2015-05-07"	"C"	18	38.4	17.8333333333333	6.68333333333333	3.75	2015	126
"2015-05-07"	"D"	32	52.625	19.575	7.125	24.75	2015	126
"2015-05-07"	"G"	0	44.3125	19.5125	10.025	12.375	2015	126
"2015-05-07"	"I"	12	32.9	20.65	8.15	80	2015	126
"2015-05-07"	"J"	25	43.8875	19.675	10.1875	11.375	2015	126
"2015-05-07"	"KL"	25	35.95	21.2	9.375	10.75	2015	126
"2015-05-14"	"B"	3	48.725	20.2125	4.9375	19.875	2015	133
"2015-05-14"	"C"	3	56.28	19.7133333333333	6.79333333333333	3.5	2015	133
"2015-05-14"	"D"	10	59.15	21.0875	9.325	19.375	2015	133
"2015-05-14"	"G"	7	51.7875	20.8625	6.53125	14.4375	2015	133
"2015-05-14"	"I"	3	32.6	22.5375	5.7125	80	2015	133
"2015-05-14"	"J"	22	50.975	21.5	7.725	11.25	2015	133
"2015-05-14"	"KL"	17	39.0125	23.7	9.25	9.125	2015	133
"2015-05-21"	"B"	1	50.45	21.65	5.68	19.1	2015	140
"2015-05-21"	"C"	2	51.31	21.16	7.12	3.7	2015	140
"2015-05-21"	"D"	8	57.53	22	8.6	19.4	2015	140
"2015-05-21"	"G"	1	51.35	22.13	6.78	15.75	2015	140
"2015-05-21"	"H"	1	71.92	23.35	8.825	12.55	2015	140
"2015-05-21"	"I"	6	33.18	23.31	5.63	81.5	2015	140
"2015-05-21"	"J"	20	47.555	22.545	7.94	11.35	2015	140
"2015-05-21"	"KL"	29	40.62	24.85	8.48	10.8	2015	140
"2015-05-28"	"B"	3	60.8	21.7	9.4	19	2015	147
"2015-05-28"	"C"	2	54.4636363636364	22.0636363636364	8.26363636363636	0	2015	147
"2015-05-28"	"D"	12	83.3	25.2	8.1	15	2015	147
"2015-05-28"	"G"	0	61.15	22.7	9.2	10.5	2015	147
"2015-05-28"	"I"	3	36.1	22.8	8.6	80	2015	147
"2015-05-28"	"J"	23	58.85	22.9	8.95	9.5	2015	147
"2015-05-28"	"KL"	3	49.6	25.1	9.6	10	2015	147
"2015-06-04"	"B"	0	59.65	23.6	9.15	18	2015	154
"2015-06-04"	"C"	3	53.0477272727273	23.2727272727273	8.94772727272727	1.5	2015	154
"2015-06-04"	"D"	0	72.55	25.35	7.3	16.5	2015	154
"2015-06-04"	"G"	0	57.3	24.2	8.725	14	2015	154
"2015-06-04"	"I"	1	35.9	24	7.5	82.5	2015	154
"2015-06-04"	"J"	10	50.525	24.175	8.9	10.25	2015	154
"2015-06-04"	"KL"	6	48.75	26.55	8.2	12.5	2015	154
"2015-06-11"	"B"	14	58.5	25.5	8.9	17	2015	161
"2015-06-11"	"C"	0	36.4	25.5	8.1	3	2015	161
"2015-06-11"	"D"	27	61.8	25.5	6.5	18	2015	161
"2015-06-11"	"G"	2	53.45	25.7	8.25	17.5	2015	161
"2015-06-11"	"H"	6	92.85	27.9	5.85	18.5	2015	161
"2015-06-11"	"I"	2	35.7	25.2	6.4	85	2015	161
"2015-06-11"	"J"	0	42.2	25.45	8.85	11	2015	161
"2015-06-11"	"KL"	5	47.9	28	6.8	15	2015	161
"2015-06-18"	"B"	34	57.6	24.6	8.15	13	2015	168
"2015-06-18"	"C"	35	42.6	26.2	9.55	3.5	2015	168
"2015-06-18"	"D"	39	63.8	25.65	6.75	19	2015	168
"2015-06-18"	"G"	0	63.15	25.225	7.375	15	2015	168
"2015-06-18"	"H"	2	94.35	27.525	7.3	16.25	2015	168
"2015-06-18"	"I"	0	37.25	25.7	8.85	82.5	2015	168
"2015-06-18"	"J"	6	54.1	26.45	9.075	9.5	2015	168
"2015-06-18"	"KL"	1	51.3	28.4	11.35	11	2015	168
"2015-06-25"	"B"	21	56.7	23.7	7.4	9	2015	175
"2015-06-25"	"C"	25	48.8	26.9	11	4	2015	175
"2015-06-25"	"D"	187	65.8	25.8	7	20	2015	175
"2015-06-25"	"G"	0	72.85	24.75	6.5	12.5	2015	175
"2015-06-25"	"H"	24	95.85	27.15	8.75	14	2015	175
"2015-06-25"	"I"	3	38.8	26.2	11.3	80	2015	175
"2015-06-25"	"J"	11	66	27.45	9.3	8	2015	175
"2015-06-25"	"KL"	0	54.7	28.8	15.9	7	2015	175
"2015-07-02"	"B"	4	93.35	25.4	7.35	6.5	2015	182
"2015-07-02"	"C"	30	68.3	24.3	10.3	4	2015	182
"2015-07-02"	"D"	166	68.15	23.8	7.2	21	2015	182
"2015-07-02"	"G"	78	76.5	24.8	5.3	15.25	2015	182
"2015-07-02"	"H"	39	103.2	26.95	8.425	11.5	2015	182
"2015-07-02"	"I"	0	40.85	25.85	9.95	80	2015	182
"2015-07-02"	"J"	34	80.425	26.95	7.975	6	2015	182
"2015-07-02"	"KL"	24	63.2	27.3	11.95	6	2015	182
"2015-07-09"	"B"	55	130	27.1	7.3	4	2015	189
"2015-07-09"	"C"	75	87.8	21.7	9.6	4	2015	189
"2015-07-09"	"D"	61	70.5	21.8	7.4	22	2015	189
"2015-07-09"	"G"	7	80.15	24.85	4.1	18	2015	189
"2015-07-09"	"H"	13	110.55	26.75	8.1	9	2015	189
"2015-07-09"	"I"	2	42.9	25.5	8.6	80	2015	189
"2015-07-09"	"J"	9	94.85	26.45	6.65	4	2015	189
"2015-07-09"	"KL"	180	71.7	25.8	8	5	2015	189
"2015-07-16"	"B"	71	113.7	29.1	5.45	4	2015	196
"2015-07-16"	"C"	78	73.75	25.1	9.85	4.5	2015	196
"2015-07-16"	"D"	72	100.25	25.4	6.9	22	2015	196
"2015-07-16"	"G"	3	87.5	27.2	4.825	17.75	2015	196
"2015-07-16"	"H"	8	108.225	29.175	6.425	13.5	2015	196
"2015-07-16"	"I"	3	44.95	27.75	8.45	77.5	2015	196
"2015-07-16"	"J"	8	80.2	28.175	7.2	8.25	2015	196
"2015-07-16"	"KL"	521	59.2	27.95	7.2	9	2015	196
"2015-07-23"	"B"	56	97.4	31.1	3.6	4	2015	203
"2015-07-23"	"C"	41	59.7	28.5	10.1	5	2015	203
"2015-07-23"	"D"	92	130	29	6.4	22	2015	203
"2015-07-23"	"G"	5	94.85	29.55	5.55	17.5	2015	203
"2015-07-23"	"H"	40	105.9	31.6	4.75	18	2015	203
"2015-07-23"	"I"	3	47	30	8.3	75	2015	203
"2015-07-23"	"J"	77	65.55	29.9	7.75	12.5	2015	203
"2015-07-23"	"KL"	372	46.7	30.1	6.4	13	2015	203
"2015-07-31"	"B"	63	89.5015873015873	29.0555555555556	4.23296703296703	5.3968253968254	2015	211
"2015-07-31"	"C"	29	56.4619047619048	26.9126984126984	9.93296703296703	5	2015	211
"2015-07-31"	"D"	174	119.168253968254	27.1587301587302	7.04175824175824	19.8412698412698	2015	211
"2015-07-31"	"G"	27	90.1452380952381	27.7531746031746	6.01153846153846	16.8650793650794	2015	211
"2015-07-31"	"I"	5	43.9650793650794	28.3111111111111	8.52857142857143	76.2698412698413	2015	211
"2015-07-31"	"J"	102	62.2230158730159	28.0650793650794	7.58736263736264	11.547619047619	2015	211
"2015-07-31"	"KL"	244	43.7031746031746	28.4746031746032	6.98021978021978	11.984126984127	2015	211
"2015-08-06"	"B"	31	61.6	28.8	7.6	12	2015	217
"2015-08-06"	"C"	40	56.7	31.4	11.6	5	2015	217
"2015-08-06"	"D"	281	130	31.4	3.1	22	2015	217
"2015-08-06"	"G"	37	108.9	31.15	7.3	23.5	2015	217
"2015-08-06"	"I"	0	49.5	31.9	11.9	80	2015	217
"2015-08-06"	"J"	12	64.45	34.55	10.35	16.5	2015	217
"2015-08-06"	"KL"	233	41.4555555555556	27.2555555555556	7.41538461538461	11.2222222222222	2015	217
"2015-08-13"	"B"	93	57.8285714285714	26.8285714285714	7.89090909090909	12.4285714285714	2015	224
"2015-08-13"	"C"	69	53.4857142857143	29.2	11.2909090909091	5	2015	224
"2015-08-13"	"D"	222	117.814285714286	28.9857142857143	4.06363636363636	19.5714285714286	2015	224
"2015-08-13"	"G"	35	101.6	28.9	7.61818181818182	21.9285714285714	2015	224
"2015-08-13"	"I"	1	45.7285714285714	29.7285714285714	11.8090909090909	80.7142857142857	2015	224
"2015-08-13"	"J"	60	60.8642857142857	31.8214285714286	9.94545454545455	14.8571428571429	2015	224
"2015-08-13"	"KL"	126	38.8333333333333	25.8333333333333	7.92307692307692	10.3333333333333	2015	224
"2015-08-20"	"B"	154	54.0571428571429	24.8571428571429	8.18181818181818	12.8571428571429	2015	231
"2015-08-20"	"C"	36	50.2714285714286	27	10.9818181818182	5	2015	231
"2015-08-20"	"D"	371	105.628571428571	26.5714285714286	5.02727272727273	17.1428571428571	2015	231
"2015-08-20"	"G"	24	94.3	26.65	7.93636363636364	20.3571428571429	2015	231
"2015-08-20"	"I"	2	41.9571428571429	27.5571428571429	11.7181818181818	81.4285714285714	2015	231
"2015-08-20"	"J"	13	57.2785714285714	29.0928571428571	9.54090909090909	13.2142857142857	2015	231
"2015-08-20"	"KL"	4	36.2111111111111	24.4111111111111	8.43076923076923	9.44444444444444	2015	231
"2015-08-27"	"B"	193	50.2857142857143	22.8857142857143	8.47272727272727	13.2857142857143	2015	238
"2015-08-27"	"C"	31	47.0571428571429	24.8	10.6727272727273	5	2015	238
"2015-08-27"	"D"	347	93.4428571428571	24.1571428571429	5.99090909090909	14.7142857142857	2015	238
"2015-08-27"	"G"	12	87	24.4	8.25454545454545	18.7857142857143	2015	238
"2015-08-27"	"I"	2	38.1857142857143	25.3857142857143	11.6272727272727	82.1428571428571	2015	238
"2015-08-27"	"J"	16	53.6928571428572	26.3642857142857	9.13636363636364	11.5714285714286	2015	238
"2015-08-27"	"KL"	5	42.9692307692308	25.6	8.93846153846154	9.92307692307692	2015	238
"2015-09-03"	"B"	74	49.4666666666667	23.6444444444444	8.76363636363636	10.2222222222222	2015	245
"2015-09-03"	"C"	46	45.3545454545455	24.8545454545455	10.3636363636364	2.77777777777778	2015	245
"2015-09-03"	"D"	45	83.6444444444444	24.6444444444444	6.95454545454545	14.4444444444444	2015	245
"2015-09-03"	"G"	11	83.9888888888889	25.0166666666667	8.57272727272727	19.5	2015	245
"2015-09-03"	"I"	0	37.4111111111111	25.4555555555556	11.5363636363636	82.2222222222222	2015	245
"2015-09-03"	"J"	4	51.45	26.5277777777778	8.73181818181818	12.5	2015	245
"2015-09-03"	"KL"	2	42.2230769230769	24.7	9.44615384615385	9.30769230769231	2015	245
"2015-09-10"	"B"	360	46.4333333333333	22.3555555555556	9.05454545454545	9.77777777777778	2015	252
"2015-09-10"	"C"	0	42.5181818181818	23.2181818181818	10.0545454545455	2.22222222222222	2015	252
"2015-09-10"	"D"	36	72.0555555555556	22.9555555555556	7.91818181818182	12.5555555555556	2015	252
"2015-09-10"	"G"	11	77.7611111111111	23.4833333333333	8.89090909090909	18.5	2015	252
"2015-09-10"	"I"	3	34.3888888888889	23.8444444444444	11.4454545454545	82.7777777777778	2015	252
"2015-09-10"	"J"	12	48.2	24.5222222222222	8.32727272727273	11.5	2015	252
"2015-09-10"	"KL"	2	41.4769230769231	23.8	13.68	8.69230769230769	2015	252
"2015-09-17"	"B"	18	43.4	21.0666666666667	10.4153846153846	9.33333333333333	2015	259
"2015-09-17"	"C"	1	39.6818181818182	21.5818181818182	10.8615384615385	1.66666666666667	2015	259
"2015-09-17"	"D"	357	60.4666666666667	21.2666666666667	9.83846153846154	10.6666666666667	2015	259
"2015-09-17"	"G"	0	71.5333333333333	21.95	11.9615384615385	17.5	2015	259
"2015-09-17"	"I"	1	31.3666666666667	22.2333333333333	16.5615384615385	83.3333333333333	2015	259
"2015-09-17"	"J"	5	44.95	22.5166666666667	15.1730769230769	10.5	2015	259
"2015-09-17"	"KL"	0	40.7307692307692	22.9	14.72	8.07692307692308	2015	259
"2015-09-22"	"B"	82	41.2333333333333	20.1460317460317	10.7505494505494	9.01587301587302	2015	264
"2015-09-22"	"C"	4	37.6558441558442	20.412987012987	10.7736263736264	1.26984126984127	2015	264
"2015-09-22"	"D"	563	52.1888888888889	20.0603174603175	10.6406593406593	9.31746031746032	2015	264
"2015-09-22"	"G"	29	67.0849206349206	20.8547619047619	12.5164835164835	16.7857142857143	2015	264
"2015-09-22"	"I"	34	29.2079365079365	21.0825396825397	17.1164835164835	83.7301587301587	2015	264
"2015-09-22"	"J"	14	42.6285714285714	21.084126984127	15.7472527472527	9.78571428571429	2015	264
"2015-09-22"	"KL"	1	40.1978021978022	22.2571428571429	15.4628571428571	7.63736263736264	2015	264
"2015-09-30"	"B"	20	34.8142857142857	15.9428571428571	11.2868131868132	12	2015	272
"2015-09-30"	"C"	1	32.3357142857143	15.4428571428571	10.632967032967	2.85714285714286	2015	272
"2015-09-30"	"D"	68	36.5571428571429	15.2285714285714	11.9241758241758	5	2015	272
"2015-09-30"	"G"	50	55.6785714285714	16.2357142857143	13.4043956043956	13.3571428571429	2015	272
"2015-09-30"	"I"	10	22.7571428571429	17	18.0043956043956	85	2015	272
"2015-09-30"	"J"	8	37.5714285714286	15.9	16.6659340659341	6.07142857142857	2015	272
"2015-09-30"	"KL"	8	26.0785714285714	17.5357142857143	16.6514285714286	5	2015	272
"2015-10-12"	"B"	0	35.4428571428571	15.8	12.0912087912088	8.57142857142857	2015	284
"2015-10-12"	"C"	0	26.1428571428571	17.2	10.421978021978	0	2015	284
"2015-10-12"	"D"	22	26.4142857142857	15.4285714285714	13.8494505494505	5	2015	284
"2015-10-12"	"G"	28	53.2214285714286	16.6642857142857	14.7362637362637	13.9285714285714	2015	284
"2015-10-12"	"I"	41	22.2714285714286	16.7142857142857	19.3362637362637	85	2015	284
"2015-10-12"	"J"	1	35.3714285714286	16.3857142857143	18.043956043956	6.5	2015	284
"2015-10-12"	"KL"	0	23.9571428571429	18.4571428571429	18.4342857142857	7.14285714285714	2015	284
"2015-10-22"	"B"	0	38.3	12.3	10.8	10	2015	294
"2015-10-22"	"C"	0	25.5	13.4	8.2	0	2015	294
"2015-10-22"	"D"	0	28.2	13.5	13.7	5	2015	294
"2015-10-22"	"G"	0	54.15	14.95	10.8	12.5	2015	294
"2015-10-22"	"H"	10	45	15.45	10.7	14.5	2015	294
"2015-10-22"	"I"	20	22.2	15	10.9	85	2015	294
"2015-10-22"	"J"	2	35.8	16.1	5.9	4	2015	294
"2015-10-22"	"KL"	0	37	18.4	13	5	2015	294
"2015-10-30"	"B"	44	34.7571428571429	12.3285714285714	10.4285714285714	11.4285714285714	2015	302
"2015-10-30"	"C"	0	22.4142857142857	12.6857142857143	8.22857142857143	1.42857142857143	2015	302
"2015-10-30"	"D"	55	25.2	13.0714285714286	12.4428571428571	7.57142857142857	2015	302
"2015-10-30"	"G"	100	51.15	14.5071428571429	11.5	12.6428571428571	2015	302
"2015-10-30"	"H"	0	41.9571428571429	15.1071428571429	11.2	15.9285714285714	2015	302
"2015-10-30"	"I"	0	21.6	14.4571428571429	11.1	83.5714285714286	2015	302
"2015-10-30"	"J"	0	33.3857142857143	15.7	7.97142857142857	4.57142857142857	2015	302
"2015-10-30"	"KL"	0	34.8	17.9428571428571	13.7142857142857	5.85714285714286	2015	302
"2015-11-11"	"B"	0	24.3	17.5428571428571	11.9	17.2857142857143	2015	314
"2015-11-11"	"C"	1	15.1	15.4142857142857	9.27142857142857	2.5	2015	314
"2015-11-11"	"D"	38	14.4428571428571	17.2571428571429	14.1	14.5714285714286	2015	314
"2015-11-11"	"G"	1	43.0214285714286	17.9714285714286	15.6214285714286	14.1428571428571	2015	314
"2015-11-11"	"H"	2	31.4071428571429	18.2214285714286	14.9928571428571	18.9285714285714	2015	314
"2015-11-11"	"I"	0	20.7857142857143	16.0714285714286	17.5428571428571	82.8571428571429	2015	314
"2015-11-11"	"J"	3	24.6928571428571	19.5	17.5214285714286	8.28571428571429	2015	314
"2015-11-11"	"KL"	0	26.9	18.6285714285714	19.2142857142857	9.14285714285714	2015	314
"2015-11-19"	"B"	0	25.9	12.4	9.5	15	2015	322
"2015-11-19"	"C"	0	14.7	10.9	8.3	5	2015	322
"2015-11-19"	"D"	28	17.7	12	9.3	14	2015	322
"2015-11-19"	"G"	0	43.65	13.4	13.25	13	2015	322
"2015-11-19"	"H"	0	34.35	14.25	12.45	19.5	2015	322
"2015-11-19"	"I"	0	20.1	13.1	11.6	80	2015	322
"2015-11-19"	"KL"	0	29.3	16.8	15.5	8	2015	322
"2015-11-30"	"B"	51	25.3923076923077	11.8923076923077	10.7692307692308	15	2015	333
"2015-11-30"	"C"	0	11.4846153846154	10.3923076923077	10.7538461538462	5	2015	333
"2015-11-30"	"D"	0	18.6307692307692	11.3230769230769	10.4	14.4230769230769	2015	333
"2015-11-30"	"G"	0	43.6288461538461	12.3634615384615	13.9903846153846	13.6346153846154	2015	333
"2015-11-30"	"H"	0	33.7788461538461	13.0230769230769	13.1903846153846	20.7692307692308	2015	333
"2015-11-30"	"I"	1	20.5230769230769	12.4230769230769	12.8269230769231	80	2015	333
"2015-11-30"	"KL"	9	29.8076923076923	14.3038461538462	14.9076923076923	8.84615384615385	2015	333
"2015-12-10"	"B"	182	28.5142857142857	8.32857142857143	15.6685714285714	12.7714285714286	2015	343
"2015-12-10"	"C"	0	17.0771428571429	7.68857142857143	12.5742857142857	4.48571428571429	2015	343
"2015-12-10"	"D"	0	22.5514285714286	6.76857142857143	16.6571428571429	12.8	2015	343
"2015-12-10"	"G"	0	45.7057142857143	9.50428571428571	16.1371428571429	12.5285714285714	2015	343
"2015-12-10"	"H"	0	35.8	9.55285714285714	17.0857142857143	17.8714285714286	2015	343
"2015-12-10"	"I"	0	21.9914285714286	10.4228571428571	15.48	80	2015	343
"2015-12-10"	"KL"	0	32.2371428571429	11.1714285714286	16.7485714285714	6.05714285714286	2015	343
"2015-12-17"	"B"	100	24.7095238095238	10.9619047619048	12.9857142857143	15	2015	350
"2015-12-17"	"C"	0	7.57619047619048	9.64285714285714	14.1952380952381	4.80952380952381	2015	350
"2015-12-17"	"D"	0	19.9190476190476	10.2380952380952	12.4238095238095	15.2857142857143	2015	350
"2015-12-17"	"G"	0	43.3619047619048	10.8547619047619	15.2285714285714	14.5952380952381	2015	350
"2015-12-17"	"H"	0	32.8952380952381	11.2071428571429	14.3333333333333	22.0238095238095	2015	350
"2015-12-17"	"I"	0	21.1	11.3761904761905	14.147619047619	80	2015	350
"2015-12-17"	"KL"	2	30.2904761904762	10.8904761904762	13.8428571428571	10.1904761904762	2015	350
"2016-01-04"	"B"	143	25.5387096774194	7.45806451612903	12.0483870967742	16.9354838709677	2016	3
"2016-01-04"	"C"	0	11.6806451612903	6.15161290322581	12.8741935483871	3.06451612903226	2016	3
"2016-01-04"	"D"	0	19.641935483871	6.85161290322581	11.1258064516129	21.4516129032258	2016	3
"2016-01-04"	"G"	0	36.5032258064516	7.49838709677419	13.0322580645161	9.33870967741935	2016	3
"2016-01-04"	"H"	0	31.9032258064516	8.35	13.458064516129	10.8870967741935	2016	3
"2016-01-04"	"I"	1	21.2935483870968	8.14516129032258	13.2096774193548	80	2016	3
"2016-01-04"	"KL"	4	30.1774193548387	8.70645161290322	12.7451612903226	13.2258064516129	2016	3
"2016-01-16"	"B"	123	26.2307692307692	5.95384615384615	11.5923076923077	17.2307692307692	2016	15
"2016-01-16"	"C"	0	14.3076923076923	4.86923076923077	12.0230769230769	2	2016	15
"2016-01-16"	"D"	0	19.6230769230769	5.58461538461539	10.7	23.3076923076923	2016	15
"2016-01-16"	"H"	0	31.3692307692308	7.26923076923077	12.8846153846154	4.57692307692308	2016	15
"2016-01-16"	"I"	0	21.3769230769231	6.85384615384615	12.4461538461538	80	2016	15
"2016-01-16"	"KL"	2	29.9769230769231	7.96153846153846	11.8923076923077	14.4615384615385	2016	15
"2016-01-25"	"B"	116	47.5625	6.30625	11.39375	14.875	2016	24
"2016-01-25"	"C"	0	23.825	5.48125	11.6375	2.3125	2016	24
"2016-01-25"	"D"	0	24.1363636363636	5.99090909090909	11.7545454545455	19.390243902439	2016	24
"2016-01-25"	"H"	0	47.080487804878	8.80975609756098	13.5743902439024	5.35365853658537	2016	24
"2016-01-25"	"I"	0	33.4625	7.20625	11.75	80	2016	24
"2016-01-25"	"J"	0	55.6642857142857	9.05714285714286	10.9238095238095	32.0952380952381	2016	24
"2016-01-25"	"KL"	0	45.625	8.09375	11.46875	15	2016	24
"2016-02-01"	"B"	229	42.8947368421053	11.6947368421053	9.39473684210526	8	2016	31
"2016-02-01"	"C"	1	21.7894736842105	11.9315789473684	10.0052631578947	2.21052631578947	2016	31
"2016-02-01"	"D"	0	23.3761904761905	13.5238095238095	11.252380952381	2.85714285714286	2016	31
"2016-02-01"	"H"	0	41.3142857142857	14.2785714285714	11.5142857142857	5.85714285714286	2016	31
"2016-02-01"	"I"	3	29.2894736842105	12.5947368421053	11.4421052631579	80	2016	31
"2016-02-01"	"KL"	2	40.2894736842105	12.6368421052632	10.5368421052632	9.47368421052632	2016	31
"2016-02-15"	"B"	0	52.1428571428571	13.2428571428571	13.6	13.1428571428571	2016	45
"2016-02-15"	"C"	0	44.1428571428571	13.35	14.0142857142857	2.64285714285714	2016	45
"2016-02-15"	"D"	30	31.3428571428571	12.5571428571429	13.1857142857143	8.14285714285714	2016	45
"2016-02-15"	"H"	0	46.6857142857143	12.5785714285714	13.2357142857143	11.7142857142857	2016	45
"2016-02-15"	"I"	0	49.3214285714286	13.8857142857143	13.2785714285714	80	2016	45
"2016-02-15"	"KL"	0	71.6785714285714	14.7857142857143	12.4	10.5714285714286	2016	45
"2016-02-23"	"B"	78	79.7826086956522	8.54347826086956	12.8434782608696	10.1304347826087	2016	53
"2016-02-23"	"C"	0	42.2608695652174	8.57391304347826	12.0434782608696	2.39130434782609	2016	53
"2016-02-23"	"D"	0	28.0178571428571	15.5828571428571	10.0685714285714	10.4285714285714	2016	53
"2016-02-23"	"H"	0	53.1238095238095	11.902380952381	14.2738095238095	14.4761904761905	2016	53
"2016-02-23"	"I"	1	60	9.35217391304348	11.7130434782609	80	2016	53
"2016-02-23"	"J"	0	88.4782608695652	8.59130434782609	12.15	43.0434782608696	2016	53
"2016-02-23"	"KL"	0	80	10.0086956521739	11.9130434782609	15	2016	53
"2016-03-03"	"B"	0	55	11.35	17.15	15.5	2016	62
"2016-03-03"	"C"	0	48	11.4	16.05	2	2016	62
"2016-03-03"	"D"	0	30.4125	16.2	9.85	8.5	2016	62
"2016-03-03"	"G"	0	81	12.475	14.95	12	2016	62
"2016-03-03"	"H"	0	81	12.95	15.775	14	2016	62
"2016-03-03"	"I"	0	62.5	11.9	14.75	80	2016	62
"2016-03-03"	"J"	0	84.25	12.025	14.85	9.25	2016	62
"2016-03-03"	"KL"	0	87.5	13.45	14.5	13.5	2016	62
"2016-03-14"	"B"	123	39.2857142857143	10.3714285714286	16.7142857142857	17.8571428571429	2016	73
"2016-03-14"	"C"	4	34.2857142857143	10.2857142857143	14.4857142857143	2.14285714285714	2016	73
"2016-03-14"	"D"	0	42.4285714285714	12	15.4285714285714	16.4285714285714	2016	73
"2016-03-14"	"G"	0	68.6428571428571	11.4285714285714	14.1857142857143	11.7857142857143	2016	73
"2016-03-14"	"H"	0	63.5714285714286	11.6142857142857	15.5285714285714	20.7142857142857	2016	73
"2016-03-14"	"I"	4	57.1428571428571	11.0285714285714	14.8285714285714	80	2016	73
"2016-03-14"	"J"	6	79.7142857142857	11.55	15.1071428571429	10	2016	73
"2016-03-14"	"KL"	20	78.5714285714286	12.5857142857143	14.7142857142857	15.2857142857143	2016	73
"2016-03-24"	"B"	3	25	13.55	13	25	2016	83
"2016-03-24"	"C"	20	30	13	11.2	5	2016	83
"2016-03-24"	"D"	25	36	14.75	12.75	20	2016	83
"2016-03-24"	"G"	2	69	14.25	12.025	7.5	2016	83
"2016-03-24"	"H"	0	57.5	14.275	13.475	22.5	2016	83
"2016-03-24"	"I"	3	50	14.35	13.4	80	2016	83
"2016-03-24"	"J"	6	66.5	14.425	12.5	10	2016	83
"2016-03-24"	"KL"	0	75	15.55	12.5	16	2016	83
"2016-03-31"	"B"	68	31	11.1475	13.685	25	2016	90
"2016-03-31"	"C"	12	37.5	10.67	13.0175	4	2016	90
"2016-03-31"	"D"	40	41.5	12.3175	12.6675	21.5	2016	90
"2016-03-31"	"G"	27	67.5	12.79375	12.5825	11.5	2016	90
"2016-03-31"	"H"	7	61.75	12.99125	12.85875	22.5	2016	90
"2016-03-31"	"I"	2	55	13.4275	12.565	80	2016	90
"2016-03-31"	"J"	7	67.5	12.185	13.18375	9.75	2016	90
"2016-03-31"	"KL"	5	77.5	14.865	13.185	15.5	2016	90
"2016-04-07"	"B"	54	37	18	7.8	25	2016	97
"2016-04-07"	"C"	22	45	16.8	6.6	3	2016	97
"2016-04-07"	"D"	87	47	18.6	9	23	2016	97
"2016-04-07"	"G"	2	66	18.2	9	15.5	2016	97
"2016-04-07"	"H"	0	66	18	10.6	22.5	2016	97
"2016-04-07"	"I"	0	60	19	11.4	80	2016	97
"2016-04-07"	"J"	16	68.5	18.45	8.85	9.5	2016	97
"2016-04-07"	"KL"	4	80	19.7	9.4	15	2016	97
"2016-04-14"	"B"	54	51.2692307692308	18.0807692307692	8.15	22.3076923076923	2016	104
"2016-04-14"	"C"	29	58.4615384615385	17.0961538461538	6.49230769230769	2.73076923076923	2016	104
"2016-04-14"	"D"	53	58.5769230769231	19.3269230769231	8.48846153846154	21.6538461538462	2016	104
"2016-04-14"	"G"	0	73.8076923076923	18.4692307692308	8.97307692307692	16.8461538461538	2016	104
"2016-04-14"	"H"	0	76.5	18.5115384615385	10.3980769230769	19.8076923076923	2016	104
"2016-04-14"	"I"	0	61.3461538461538	18.8653846153846	11.0769230769231	78.6538461538462	2016	104
"2016-04-14"	"J"	22	70.25	18.7057692307692	8.87692307692308	9.76923076923077	2016	104
"2016-04-14"	"KL"	0	77.8461538461538	19.8346153846154	9.45384615384615	15	2016	104
"2016-04-21"	"B"	42	64.2857142857143	13.7571428571429	9.52857142857143	18.4285714285714	2016	111
"2016-04-21"	"C"	13	56.4285714285714	12.8428571428571	9.88571428571429	3.71428571428571	2016	111
"2016-04-21"	"D"	17	68.5714285714286	14.7	8.9	14.5714285714286	2016	111
"2016-04-21"	"G"	1	85.1428571428571	15.6428571428571	10.1428571428571	16.2142857142857	2016	111
"2016-04-21"	"H"	2	81.4285714285714	15.8714285714286	9.72142857142857	17.2142857142857	2016	111
"2016-04-21"	"I"	3	65	17.0428571428571	10.0285714285714	79.2857142857143	2016	111
"2016-04-21"	"J"	6	85.7142857142857	14.6	10.2785714285714	5.78571428571429	2016	111
"2016-04-21"	"KL"	0	91.7142857142857	18.3142857142857	10.8	10.7142857142857	2016	111
"2016-04-28"	"B"	130	61.5	14.74	9.24	19.3	2016	118
"2016-04-28"	"C"	18	59	13.77	10.11	4.3	2016	118
"2016-04-28"	"D"	6	81.5	15.16	8.24	15.2	2016	118
"2016-04-28"	"G"	1	89.95	16.475	9.75	16.1	2016	118
"2016-04-28"	"H"	4	90.85	16.73	9.4	15.6	2016	118
"2016-04-28"	"I"	0	74	18.15	9.64	81.5	2016	118
"2016-04-28"	"J"	1	80	15.72	10.29	6.65	2016	118
"2016-04-28"	"KL"	0	98.6	18.84	10.22	10	2016	118
"2016-05-05"	"B"	51	86.875	18.3625	9.0125	15.625	2016	125
"2016-05-05"	"C"	39	93.125	17.9	6.575	2.375	2016	125
"2016-05-05"	"D"	6	93.75	20.9875	6.9625	18	2016	125
"2016-05-05"	"G"	0	96.25	19.275	8.83125	20.125	2016	125
"2016-05-05"	"H"	0	107.125	19.95	9.70625	12.1875	2016	125
"2016-05-05"	"I"	0	68.75	18.85	10.025	76.25	2016	125
"2016-05-05"	"J"	7	73.4375	19.5	9.05625	10.5	2016	125
"2016-05-05"	"KL"	0	76.375	20.275	9.45	14.375	2016	125
"2016-05-19"	"B"	4	65	18.8	8.4	20	2016	139
"2016-05-19"	"C"	8	80	17.9	9.2	5	2016	139
"2016-05-19"	"D"	3	120	18.8	6	18	2016	139
"2016-05-19"	"G"	0	105	19.8	8.35	17.5	2016	139
"2016-05-19"	"H"	0	122	20.3	8.7	10	2016	139
"2016-05-19"	"I"	0	95	21.3	8.8	85	2016	139
"2016-05-19"	"J"	4	62.5	20.2	9.8	10.5	2016	139
"2016-05-19"	"KL"	0	107	20.8	8.4	10	2016	139
"2016-05-26"	"B"	1	60.4137931034483	19.0896551724138	10.1379310344828	20	2016	146
"2016-05-26"	"C"	14	76.8620689655172	18.5275862068966	11.7103448275862	4.75862068965517	2016	146
"2016-05-26"	"D"	1	117.586206896552	18.8	7.20689655172414	18.4827586206897	2016	146
"2016-05-26"	"G"	1	113.689655172414	20.2706896551724	9.11034482758621	17.8620689655172	2016	146
"2016-05-26"	"H"	0	121.51724137931	20.5534482758621	9.37586206896552	13.0172413793103	2016	146
"2016-05-26"	"I"	0	86.551724137931	21.6137931034483	10.3206896551724	83.7931034482759	2016	146
"2016-05-26"	"J"	0	64.3103448275862	20.7068965517241	11.2724137931034	10.3793103448276	2016	146
"2016-05-26"	"KL"	0	107	20.751724137931	9.48620689655172	14.1034482758621	2016	146
"2016-06-01"	"B"	1	63.8823529411765	18.9647058823529	13.7176470588235	20	2016	152
"2016-06-01"	"C"	1	65.1176470588235	19.2764705882353	12.2588235294118	4.94117647058824	2016	152
"2016-06-01"	"D"	0	114.705882352941	18.4235294117647	11.4705882352941	15.2941176470588	2016	152
"2016-06-01"	"G"	3	129.235294117647	20.7147058823529	10.6529411764706	14.2941176470588	2016	152
"2016-06-01"	"H"	0	138.823529411765	21.0205882352941	10.8882352941176	15.4411764705882	2016	152
"2016-06-01"	"I"	2	64.7058823529412	22.0352941176471	10.5823529411765	75.2941176470588	2016	152
"2016-06-01"	"J"	2	72.3529411764706	20.9352941176471	13.5	10.9411764705882	2016	152
"2016-06-01"	"KL"	10	114.529411764706	20.9764705882353	11.2058823529412	15.7058823529412	2016	152
"2016-06-09"	"B"	1	65	21.0535714285714	12.2178571428571	20.6428571428571	2016	160
"2016-06-09"	"C"	3	77.8571428571429	21.1607142857143	11.0607142857143	5	2016	160
"2016-06-09"	"D"	56	119.821428571429	20.9071428571429	9.86071428571429	17.8928571428571	2016	160
"2016-06-09"	"G"	0	121.910714285714	21.8553571428571	10.2464285714286	15.9285714285714	2016	160
"2016-06-09"	"H"	0	138.714285714286	22.8964285714286	9.8375	15.1607142857143	2016	160
"2016-06-09"	"I"	0	63.3928571428571	23.8	11.2	76.6071428571429	2016	160
"2016-06-09"	"J"	2	81.9821428571429	22.9875	11.2446428571429	9.39285714285714	2016	160
"2016-06-09"	"KL"	0	115.964285714286	23.0892857142857	9.62142857142857	17.5714285714286	2016	160
"2016-06-23"	"B"	0	50.56	21.848	13.464	20.24	2016	174
"2016-06-23"	"C"	0	66.52	22.06	16.384	4.96	2016	174
"2016-06-23"	"D"	3	119.6	21.032	9.44	20	2016	174
"2016-06-23"	"G"	0	138	23.646	10.648	20.32	2016	174
"2016-06-23"	"H"	1	117.48	23.21	10.048	25.14	2016	174
"2016-06-23"	"I"	16	60	24.496	14.62	81.2	2016	174
"2016-06-23"	"J"	2	68.92	23.764	13.884	10.12	2016	174
"2016-06-23"	"KL"	0	114.2	22.976	11.796	25.56	2016	174
"2016-06-30"	"B"	0	65	25.9	8.92857142857143	21.8571428571429	2016	181
"2016-06-30"	"C"	88	99.2857142857143	25.5428571428571	9.02857142857143	5.42857142857143	2016	181
"2016-06-30"	"D"	162	132.857142857143	26.4714285714286	6.12857142857143	23.4285714285714	2016	181
"2016-06-30"	"G"	3	110.928571428571	25.15	9.27857142857143	20.6428571428571	2016	181
"2016-06-30"	"H"	6	132.214285714286	27.2142857142857	7.37857142857143	18.0714285714286	2016	181
"2016-06-30"	"I"	8	60	28.0142857142857	13.1	80.7142857142857	2016	181
"2016-06-30"	"J"	16	96.7857142857143	27.6285714285714	6.9	6.64285714285714	2016	181
"2016-06-30"	"KL"	16	120.714285714286	27.9285714285714	6.75714285714286	22.7142857142857	2016	181
"2016-07-07"	"B"	24	69.8214285714286	26.6285714285714	8.04642857142857	21.3571428571429	2016	188
"2016-07-07"	"C"	57	90.5357142857143	26.5214285714286	9.5	5	2016	188
"2016-07-07"	"D"	101	133.857142857143	27.1642857142857	5.69285714285714	23.3571428571429	2016	188
"2016-07-07"	"G"	2	125.839285714286	26.2321428571429	8.85714285714286	19.6785714285714	2016	188
"2016-07-07"	"H"	9	130.375	27.8803571428571	7.60357142857143	19.6785714285714	2016	188
"2016-07-07"	"I"	6	60	27.8571428571429	12.3607142857143	81.6071428571429	2016	188
"2016-07-07"	"J"	7	87.6964285714286	28.4321428571429	7.71607142857143	6	2016	188
"2016-07-07"	"KL"	44	125.714285714286	28.5285714285714	6.91785714285714	19.4642857142857	2016	188
"2016-07-13"	"B"	6	66.0714285714286	27.7785714285714	6.60714285714286	20.9285714285714	2016	194
"2016-07-13"	"C"	356	64.6428571428571	27.15	6.43571428571429	7.78571428571429	2016	194
"2016-07-13"	"D"	23	149.428571428571	28.1785714285714	4.47857142857143	20.1428571428571	2016	194
"2016-07-13"	"G"	9	131	29.6821428571429	7.91785714285714	24.1071428571429	2016	194
"2016-07-13"	"H"	0	110.142857142857	29.1607142857143	5.58928571428571	33.1428571428571	2016	194
"2016-07-13"	"I"	65	60	30.35	12.9357142857143	85	2016	194
"2016-07-13"	"J"	52	64.9285714285714	28.5428571428571	7.65357142857143	10.1785714285714	2016	194
"2016-07-13"	"KL"	23	137.357142857143	30.5142857142857	8.26428571428571	20.3571428571429	2016	194
"2016-07-21"	"B"	91	75.5	25.45	7.93	19.2	2016	202
"2016-07-21"	"C"	42	69.5	24.84	6.77	7.1	2016	202
"2016-07-21"	"D"	100	156.6	25.97	5.67	19.4	2016	202
"2016-07-21"	"G"	9	141.7	27.685	8.265	23.75	2016	202
"2016-07-21"	"H"	65	120.45	27.255	6.425	27.8	2016	202
"2016-07-21"	"I"	4	61.5	29.78	10.52	83.5	2016	202
"2016-07-21"	"J"	43	66.55	26.585	8.835	10.35	2016	202
"2016-07-21"	"KL"	33	152.9	29.21	7.7	18.3	2016	202
"2016-07-28"	"B"	144	82.5	27.725	6.075	19.375	2016	209
"2016-07-28"	"C"	67	62.5	27.9375	9.325	5	2016	209
"2016-07-28"	"D"	74	145.75	28.175	4.725	21.5	2016	209
"2016-07-28"	"G"	12	164.625	29.225	7.6875	19.375	2016	209
"2016-07-28"	"H"	96	121.9375	29.075	7.5625	26.75	2016	209
"2016-07-28"	"I"	22	60.625	28.3625	10.0125	84.375	2016	209
"2016-07-28"	"J"	35	58.9375	29.39375	9.9375	6.5	2016	209
"2016-07-28"	"KL"	62	148	30.1375	7.6125	12	2016	209
"2016-08-04"	"B"	191	98	28.2103448275862	4.81034482758621	18.1379310344828	2016	216
"2016-08-04"	"C"	25	66.2068965517241	27.051724137931	9.68620689655172	4.68965517241379	2016	216
"2016-08-04"	"D"	36	169.310344827586	28.7655172413793	3.08275862068966	20.448275862069	2016	216
"2016-08-04"	"G"	7	167.379310344828	29.3706896551724	7.29827586206897	17.6034482758621	2016	216
"2016-08-04"	"H"	70	131.068965517241	29.0344827586207	6.98103448275862	24.1551724137931	2016	216
"2016-08-04"	"I"	71	57.5172413793103	26.9103448275862	10.7379310344828	85	2016	216
"2016-08-04"	"J"	43	58.7413793103448	28.8637931034483	9.29310344827586	6.31034482758621	2016	216
"2016-08-04"	"KL"	50	160	30.2344827586207	7.67586206896552	9.82758620689655	2016	216
"2016-08-11"	"B"	163	100	20.2	10.8	15	2016	223
"2016-08-11"	"C"	12	80	19.8	8.1	5	2016	223
"2016-08-11"	"D"	8	172	21	8.4	18	2016	223
"2016-08-11"	"G"	17	172.5	23.1	9	22	2016	223
"2016-08-11"	"H"	111	146	22.95	8.7	14.5	2016	223
"2016-08-11"	"I"	13	65	28.1	4.5	80	2016	223
"2016-08-11"	"J"	57	69	22.35	11.95	10	2016	223
"2016-08-11"	"KL"	8	190	26.2	6.3	12	2016	223
"2016-08-18"	"B"	233	99	21.225	10.225	16.25	2016	230
"2016-08-18"	"C"	22	82.5	21.35	7.65	4	2016	230
"2016-08-18"	"D"	22	196	22.425	7.025	17.25	2016	230
"2016-08-18"	"G"	16	189.375	23.9125	8.9	20.25	2016	230
"2016-08-18"	"H"	50	149.375	23.675	8.7125	16.125	2016	230
"2016-08-18"	"I"	8	65	27.4	5.75	78.75	2016	230
"2016-08-18"	"J"	17	72	23.0875	11.7	10	2016	230
"2016-08-18"	"KL"	35	161.75	26.35	6.925	12	2016	230
"2016-08-25"	"B"	152	135.2	26.7266666666667	3.83333333333333	14.4	2016	237
"2016-08-25"	"C"	25	80.6666666666667	22.7333333333333	9.84666666666667	3.8	2016	237
"2016-08-25"	"D"	38	232.533333333333	27.7266666666667	0.753333333333333	16.8666666666667	2016	237
"2016-08-25"	"G"	6	180.266666666667	27.6566666666667	6.96666666666667	14.5333333333333	2016	237
"2016-08-25"	"H"	117	159.033333333333	26.9233333333333	6.23	14.9333333333333	2016	237
"2016-08-25"	"I"	6	52.8666666666667	23.7133333333333	10.5266666666667	84.3333333333333	2016	237
"2016-08-25"	"J"	67	62.8	25.44	8.66333333333333	7.2	2016	237
"2016-08-25"	"KL"	16	191.8	29.04	7.49333333333333	5.46666666666667	2016	237
"2016-09-01"	"B"	185	114.496551724138	24.5551724137931	5.67931034482759	14.2758620689655	2016	244
"2016-09-01"	"C"	8	79.6296296296296	22.0111111111111	9.67037037037037	2.89655172413793	2016	244
"2016-09-01"	"D"	73	255.655172413793	26.0344827586207	4.35172413793103	16.1724137931034	2016	244
"2016-09-01"	"G"	8	203.034482758621	26.2327586206897	7.36034482758621	14.3620689655172	2016	244
"2016-09-01"	"H"	168	159.48275862069	25.7724137931034	7.13965517241379	13.948275862069	2016	244
"2016-09-01"	"I"	75	53.4896551724138	23.2689655172414	9.35862068965517	84.0697674418605	2016	244
"2016-09-01"	"J"	19	59.7620689655172	24.25	9.57586206896552	7.55172413793103	2016	244
"2016-09-01"	"KL"	2	201.931034482759	27.9034482758621	7.81379310344828	7.20689655172414	2016	244
"2016-09-08"	"B"	176	96	24.3	8.5	20	2016	251
"2016-09-08"	"C"	10	90	26	6.3	1	2016	251
"2016-09-08"	"D"	8	268	26.7	2.9	15	2016	251
"2016-09-08"	"G"	44	240	26.35	8.6	15	2016	251
"2016-09-08"	"H"	137	159.5	25.85	8.75	21	2016	251
"2016-09-08"	"I"	156	65	25.3	9.5	75	2016	251
"2016-09-08"	"J"	22	81	25.3	10.95	10	2016	251
"2016-09-08"	"KL"	8	77	26.8	8.8	12	2016	251
"2016-09-22"	"B"	92	52.8	18.4	11.4	15	2016	265
"2016-09-22"	"C"	1	85.5128205128205	23.5589743589744	6.62307692307692	0	2016	265
"2016-09-22"	"D"	2	323	21.4	14.2	14	2016	265
"2016-09-22"	"G"	0	274	22.25	8.7	14	2016	265
"2016-09-22"	"I"	2	57.4	22.4	6.1	77.5	2016	265
"2016-09-22"	"J"	83	55.2	21.1	12.4	9	2016	265
"2016-09-22"	"KL"	1	207	24.5	8.9	13	2016	265
"2016-09-29"	"B"	9	76.05	18.55	9.2	16.5	2016	272
"2016-09-29"	"C"	1	80.625	21.575	7.3125	0	2016	272
"2016-09-29"	"D"	0	326.5	20.2	9.65	12	2016	272
"2016-09-29"	"G"	0	288.5	20.9	6.425	12.75	2016	272
"2016-09-29"	"I"	10	62.95	20.6	5.3	77.6923076923077	2016	272
"2016-09-29"	"J"	0	57.875	19.65	10.35	9	2016	272
"2016-09-29"	"KL"	0	218.5	22.2	7.2	13	2016	272
"2016-10-10"	"B"	13	93.9181818181818	18.3363636363636	8.52727272727273	17.2727272727273	2016	283
"2016-10-10"	"C"	1	75.7142857142857	19.2571428571429	7.84285714285714	0.363636363636364	2016	283
"2016-10-10"	"D"	0	293.636363636364	18.8545454545455	8.11818181818182	11.8181818181818	2016	283
"2016-10-10"	"G"	0	287.545454545455	19.6954545454545	5.04090909090909	12.0454545454545	2016	283
"2016-10-10"	"I"	4	67.7	19.1272727272727	6.93636363636364	80	2016	283
"2016-10-10"	"KL"	3	222	20.3	6.33636363636364	11.5714285714286	2016	283
"2016-10-20"	"B"	11	85.6647058823529	17.1705882352941	12.3823529411765	16.3529411764706	2016	293
"2016-10-20"	"C"	0	75.2941176470588	18.3176470588235	7.51764705882353	1.17647058823529	2016	293
"2016-10-20"	"D"	0	225.941176470588	18	13.2764705882353	15.5294117647059	2016	293
"2016-10-20"	"G"	0	256.970588235294	19.3852941176471	7.92352941176471	13.3529411764706	2016	293
"2016-10-20"	"I"	14	68.7882352941176	19.4	9.75294117647059	80	2016	293
"2016-10-20"	"KL"	0	204.823529411765	20.4882352941176	9.07058823529412	8	2016	293
"2016-11-02"	"B"	27	89.9193548387097	13.5709677419355	9.85806451612903	15.4838709677419	2016	306
"2016-11-02"	"C"	0	79.7193548387097	13.9354838709677	7.14838709677419	1.51612903225806	2016	306
"2016-11-02"	"D"	4	230	14.8838709677419	11.4387096774194	15	2016	306
"2016-11-02"	"G"	0	255.338709677419	15.9758064516129	6.72903225806452	13	2016	306
"2016-11-02"	"I"	0	66.1451612903226	16.5	8.05161290322581	80	2016	306
"2016-11-02"	"KL"	4	203.870967741935	17.0774193548387	9.70967741935484	11.0714285714286	2016	306
"2016-11-10"	"B"	0	93.05	12.2	13.25	16.5	2016	314
"2016-11-10"	"C"	0	73.4	11.6	8.05	2	2016	314
"2016-11-10"	"D"	0	218.5	13.3	11.15	16.5	2016	314
"2016-11-10"	"G"	0	245.5	14.5	10.475	14	2016	314
"2016-11-10"	"I"	0	73.2	15.75	4.05	80	2016	314
"2016-11-10"	"KL"	0	195	15.75	13.25	6.5	2016	314
"2016-12-01"	"B"	27	67.1615384615385	7.92307692307692	9.08461538461538	15	2016	335
"2016-12-01"	"C"	0	58.1615384615385	8.13846153846154	8.93076923076923	2.53846153846154	2016	335
"2016-12-01"	"D"	0	163.769230769231	9.13846153846154	10.0846153846154	15	2016	335
"2016-12-01"	"G"	0	195.576923076923	10.3653846153846	8.76153846153846	13.2692307692308	2016	335
"2016-12-01"	"H"	0	135.192307692308	10.9	10.2423076923077	18.8846153846154	2016	335
"2016-12-01"	"I"	0	68.4230769230769	11.6153846153846	6.55384615384615	80	2016	335
"2016-12-01"	"KL"	0	166.076923076923	12.1076923076923	11.4461538461538	12.6923076923077	2016	335
"2016-12-12"	"B"	49	40.7571428571429	5.77857142857143	9.99285714285714	19	2016	346
"2016-12-12"	"C"	0	37.3214285714286	4.94285714285714	10.3285714285714	2	2016	346
"2016-12-12"	"D"	0	96.7857142857143	7.27857142857143	10.4357142857143	19.6428571428571	2016	346
"2016-12-12"	"G"	0	157.821428571429	7.20714285714286	10.0035714285714	21.1071428571429	2016	346
"2016-12-12"	"H"	0	100.678571428571	8.18571428571429	10.75	23.0357142857143	2016	346
"2016-12-12"	"I"	1	68.8071428571429	7.78571428571429	9.55714285714286	57.5	2016	346
"2016-12-12"	"J"	20	84.4535714285714	7.94285714285714	9.97857142857143	11.1785714285714	2016	346
"2016-12-12"	"KL"	0	133.857142857143	9.16428571428571	11.3357142857143	17.2142857142857	2016	346
"2016-12-22"	"B"	130	44.95	6.67	10.07	15	2016	356
"2016-12-22"	"C"	0	40.63	7.34	10.53	2.4	2016	356
"2016-12-22"	"D"	0	109.4	7.74	11.07	13.5	2016	356
"2016-12-22"	"G"	0	147.45	8.84	10.895	10.95	2016	356
"2016-12-22"	"H"	0	100.6	9.445	11.17	20.95	2016	356
"2016-12-22"	"I"	1	70.5	9.55	9.15	78.5	2016	356
"2016-12-22"	"J"	2	84.435	9.25	10.91	7.5	2016	356
"2016-12-22"	"KL"	0	133.4	11.21	11.37	12	2016	356
