Pigmentation	LongNagCaudale	LongNagDorsale	Temp	concPoll	sex	LonMuseauCLoaque.mm.	Age	Pop
113.696780256767	6.68125655028417	0.209382228102376	75.2855539784471	85.2466340930289	F	87	5	1
103.677069882909	5.55654537078816	0.30656951122805	102.26474413887	113.587964588241	F	70	4	1
102.364520211906	6.38039600844773	0.320796855845169	86.7706305419278	100.121216481485	F	90	6	1
104.179362218386	5.54516475545155	0.310866270468513	103.868257647209	101.599474298806	F	77	4	1
120.085914497587	3.20858897092961	0.200136663740288	89.6539216426263	91.9069518726746	F	92	6	1
105.496228754072	5.6723616746179	0.285503869086581	84.4580886986941	99.1518019359254	F	77	4	1
106.763204315201	6.23791960898427	0.279180831851747	80.9260429768449	85.450129091908	F	86	8	1
95.7703927777077	3.64174015194201	0.40119089755858	82.2316715676387	109.847510382538	F	74	6	1
103.892749027462	5.14929230031892	0.317086087130041	94.7118128186081	87.4542607294753	F	79	7	1
113.253882598409	5.53562019537264	0.218912202894373	93.6564978671277	97.2439280771574	F	75	5	1
108.370783957948	6.77732354691681	0.277344714364004	95.0480872769524	102.221842641913	F	78	5	1
121.651316028516	4.26228924928224	0.139929169023817	80.8703349280857	86.9587303318656	F	85	6	1
107.452925743459	5.27827504256689	0.270164439560196	80.7992100267702	90.1669877029243	F	76	5	1
98.8916777679904	5.46403277451873	0.353447153246694	107.689488892702	95.3643167985593	F	70	7	1
122.938942930271	5.8694414307256	0.160051076746574	91.8083118732731	75.444845054622	F	83	8	1
122.47841505296	5.7856366952924	0.160957216871207	67.8046208412446	89.0726446834837	F	80	7	1
99.5587490070687	4.70128034138242	0.368229595847218	79.4709907139188	64.4698143281688	F	76	8	1
102.062192322514	5.31755993428459	0.3176245862415	102.308566605806	77.7999977127458	F	80	8	1
96.2460610435608	6.51981162746535	0.380992775252454	96.944092729142	113.961733262739	F	77	5	1
95.1754116538268	5.02164578812715	0.397404852472172	92.5473517016718	79.3033235321417	F	74	8	1
109.662388115806	6.30831511656804	0.260166126207062	80.6979346459933	83.5920572016065	F	81	5	1
109.791468098264	4.65491232970381	0.267984318350605	95.8431293927923	93.3231922793642	F	88	4	1
127.309637734206	7.12817822964205	0.0846408586394	49.2372943180129	76.1889899744517	F	88	10	1
102.578039084232	5.89513717693992	0.327018901835882	69.4419285655202	91.2975073041181	F	78	8	1
109.368613626664	5.60655543897396	0.261822170276248	82.1440048322373	56.0787506991276	F	84	11	1
104.228936383582	5.95212174996207	0.314894587641973	88.2664832151179	82.9669874056194	F	80	6	1
109.016096667172	5.79247107285102	0.255261549056148	98.8918283252726	73.2847690971334	F	85	8	1
99.2013582245145	6.17731962282445	0.339700501473501	87.8370780430515	99.8226915891845	F	85	8	1
106.758227311969	5.58078503037136	0.283721467191681	71.6262767969802	82.4138692492189	F	85	7	1
104.177154262871	4.0174351141927	0.336063587457121	93.6159643560833	84.2201275408273	F	73	6	1
100.818613665822	5.24177311494138	0.348379155380199	88.0733675324915	75.466559432316	F	78	10	1
105.414960105875	5.21899334480739	0.296016105236435	90.6300764887365	103.288928588812	F	78	5	1
101.843726496622	5.09732924416557	0.321359180044272	82.3606291361889	72.1430959376325	F	79	8	1
115.504434920564	7.01443103615836	0.19393410049656	79.8018102845682	74.8075681322199	F	86	7	1
113.700349654103	7.47776117628335	0.209826148755042	68.4354614720596	79.4469241094103	F	84	10	1
110.336979093498	6.17607635362159	0.263809275777984	74.5209824063974	70.2465706138287	F	83	8	1
108.892771953416	6.20230082262455	0.265157950838704	84.6449777408175	89.3813592842932	F	70	6	1
103.871500287614	5.51286718268253	0.331367928808681	98.1867045857365	74.9428530241814	F	79	6	1
98.3959865650957	5.90141704324055	0.353253382399417	97.4082980249665	99.4249007082015	F	79	7	1
91.1603827706452	5.15876861301134	0.427016826373479	92.7920453748948	88.5534922559548	F	79	6	1
110.249189645296	5.75770608638662	0.249780036010184	64.8538797248078	76.2169385870334	F	83	9	1
106.709130573124	6.39922108893468	0.277400556381257	86.5818309906812	79.290282120118	F	76	7	1
105.985500357753	4.24765949990626	0.282000691482581	87.5271806242092	88.5803046400477	F	76	6	1
112.529463506433	4.34005190388871	0.243574589377431	111.683146083517	75.8065380980639	F	90	5	1
98.0738118448469	5.25054971572369	0.359207200607759	114.551995204189	92.6497935898328	F	77	6	1
108.279096542919	5.6811007693865	0.27196830133583	94.1007062503023	84.7509909717416	F	81	8	1
113.847635573366	5.13674546304699	0.200306105666571	92.7018774069499	86.3690667397809	F	85	7	1
99.3246202302342	5.0695984438497	0.358882562745635	87.2512377423811	78.2060947771977	F	70	8	1
101.498348680337	6.17324073209068	0.327836813826016	100.588630493548	72.4095621733422	F	68	6	1
114.562780384834	5.34189163271831	0.216042406152048	88.6967736317781	90.668971047283	F	90	4	1
118.283325211344	6.01493157587156	0.17577205768284	80.2967870166309	77.9620189693925	F	89	5	1
107.699615826353	5.7870210841487	0.284625775424683	84.6855905767032	63.5113057910544	F	72	9	1
110.712386246836	5.55977447573956	0.226491344984554	95.7249589322466	92.1415603715707	F	71	5	1
100.917640806726	5.08689235394537	0.333331971175153	87.3830066006146	75.8099388202698	F	75	5	1
105.726882294758	4.09548064434127	0.295497834771564	100.80336031743	80.2433402499286	F	84	8	1
108.252274141079	5.30069831100625	0.257299231633147	79.8766025109301	84.3552362449368	F	80	6	1
103.804041853977	5.40335357684353	0.309269942066835	77.5510668473525	96.8801586404514	F	84	6	1
53.9937859366731	8.28125655028417	0.605288249779071	52.2855539784471	129.781256550284	M	73	6	1
59.5791743530208	7.15654537078816	0.538847505188272	79.2647441388697	128.656545370788	M	75	9	1
58.3902350334924	7.98039600844773	0.580252389429982	63.7706305419278	129.480396008448	M	75	5	1
58.0295430098544	7.14516475545155	0.569766182394232	80.8682576472094	128.645164755452	M	72	6	1
74.1898489303613	4.80858897092962	0.400109761873967	66.6539216426263	126.30858897093	M	80	7	1
61.9284959285264	7.2723616746179	0.535703007924654	61.4580886986941	128.772361674618	M	76	5	1
38.9309626053174	7.83791960898427	0.734631389577912	57.9260429768449	129.337919608984	M	65	7	1
49.2216942179868	5.24174015194201	0.644669501597405	59.2316715676387	126.741740151942	M	68	7	1
44.8263842538806	6.74929230031892	0.686631130833202	71.7118128186081	128.249292300319	M	77	7	1
54.4855548112567	7.13562019537264	0.588579854321844	70.6564978671277	128.635620195373	M	80	5	1
66.0760465650761	8.37732354691681	0.482571297805382	72.0480872769524	129.877323546917	M	77	7	1
57.564818368283	5.86228924928224	0.594317467341924	57.8703349280857	127.362289249282	M	73	6	1
64.0760260343131	6.87827504256689	0.512072211227599	57.7992100267702	128.378275042567	M	73	6	1
57.1350929158118	7.06403277451873	0.579162688449325	84.689488892702	128.564032774519	M	75	5	1
62.0408547733885	7.4694414307256	0.506168746849863	68.8083118732731	128.969441430726	M	73	6	1
49.1783492519411	7.3856366952924	0.642801192565834	44.8046208412446	128.885636695292	M	65	8	1
51.1204250807241	6.30128034138242	0.645161944370272	56.4709907139188	127.801280341382	M	76	5	1
65.6530873989479	6.91755993428459	0.485464623162281	79.3085666058065	128.417559934285	M	79	4	1
58.6920611492237	8.11981162746535	0.582281396280253	73.944092729142	129.619811627465	M	76	6	1
64.3184910425419	6.62164578812715	0.501304282489747	69.5473517016718	128.121645788127	M	75	8	1
62.7179485230264	7.90831511656804	0.538197561783337	57.6979346459933	129.408315116568	M	77	9	1
62.6001905287951	6.25491232970381	0.511150274631037	72.8431293927923	127.754912329704	M	73	8	1
75.7940633027892	8.72817822964205	0.396200065542142	26.2372943180129	130.228178229642	M	80	7.5	1
51.6162184309759	7.49513717693992	0.63018898384606	46.4419285655202	128.99513717694	M	73	9	1
62.1991375583223	7.20655543897396	0.540401450431071	59.1440048322373	128.706555438974	M	70	7	1
63.9404588840531	7.55212174996207	0.511212441339273	65.2664832151179	129.052121749962	M	79	6	1
71.3826821299535	7.39247107285102	0.44875263494915	75.8918283252726	128.892471072851	M	70.4	6.5	1
48.407360734172	7.77731962282445	0.651938857638072	64.8370780430515	129.277319622824	M	72.7	7	1
67.655765997033	7.18078503037136	0.484843381736757	48.6262767969802	128.680785030371	M	73.8	4	2
57.2881074663307	5.61743511419269	0.57501061742113	70.6159643560833	127.117435114193	M	75.9	4	2
54.3231160560422	6.84177311494138	0.614386982877656	65.0733675324915	128.341773114941	M	71.9	5	2
64.6344255127592	6.81899334480739	0.508984535021117	67.6300764887365	128.318993344807	M	74.1	5	2
69.7634899435973	6.69732924416557	0.456006061530059	59.3606291361889	128.197329244166	M	75.2	5	2
64.9824850268807	8.61443103615836	0.492506108279982	56.8018102845682	130.114431036158	M	75.3	6	2
73.3795128691143	9.07776117628335	0.4237804735516	45.4354614720596	130.577761176283	M	76.4	6	2
62.5799155635825	7.77607635362159	0.532864030173382	51.5209824063974	129.276076353622	M	77.9	6	2
65.2626028984489	7.80230082262455	0.508472376778279	61.6449777408175	129.302300822625	M	75	6	2
58.2448523218751	7.11286718268253	0.539617040893157	75.1867045857365	128.612867182683	M	80.3	6	2
72.6102936441184	7.50141704324055	0.422348248706108	74.4082980249665	129.001417043241	M	79.5	7	2
57.64037520384	6.75876861301134	0.573910582407216	69.7920453748948	128.258768613011	M	79.8	7	2
61.060743244184	7.35770608638662	0.530708486198353	41.8538797248078	128.857706086387	M	81	8	2
46.6572819371869	7.99922108893468	0.656662612164	63.5818309906812	129.499221088935	M	74	8	2
59.9328819826025	5.84765949990626	0.544036989251048	64.5271806242092	127.347659499906	M	81.7	8	2
67.4927432794515	5.94005190388871	0.498918010806413	88.6831460835167	127.440051903889	M	77	8	2
67.869742868082	6.85054971572369	0.490406131049323	91.5519952041888	128.350549715724	M	80.4	9	2
56.3565089856976	7.2811007693865	0.585572260248592	71.1007062503023	128.781100769387	M	81.9	10	2
75.5319655111935	6.73674546304699	0.402037702794541	69.7018774069499	128.236745463047	M	80.2	10	2
73.90317264454	6.6695984438497	0.40262429929811	64.2512377423811	128.16959844385	M	78.7	10	2
69.9105508408438	7.77324073209068	0.452210973780836	77.5886304935485	129.273240732091	M	80.3	10	2
65.2998020075233	6.94189163271831	0.48712650502312	65.6967736317781	128.441891632718	M	79.9	11	2
70.3970550550766	7.61493157587156	0.445125861064772	57.2967870166309	129.114931575872	M	80.2	11	2
71.5852409389411	7.3870210841487	0.441839034188823	61.6855905767032	128.887021084149	M	80.9	12	2
73.4431892757142	7.15977447573956	0.425097193511851	72.7249589322466	128.65977447574	M	82.6	13	2
64.1415633257459	6.68689235394537	0.51925713029415	64.3830066006146	128.186892353945	M	81.7	13	2
76.2522329726536	5.69548064434127	0.406035350494696	77.8033603174302	127.195480644341	M	83.8	13	2
78.6646144805641	6.90069831100625	0.383779169008915	56.8766025109301	128.400698311006	M	82.3	15	2
73.9937859366731	3.97079096827066	0.405288249779071	95.6685024264395	90.7085698403056	F	84.8	5	2
79.5791743530208	6.53446526623492	0.338847505188272	78.9560516568592	98.1740339205841	F	84.1	5	2
78.3902350334924	5.40909395969769	0.380252389429982	92.7232197101298	82.7983655529414	F	82.6	5	2
78.0295430098545	6.44177036816559	0.369766182394232	80.4539673162441	93.516554257487	F	86.2	6	2
94.1898489303613	4.99198188088744	0.200109761873967	83.9933467208267	109.344336882992	F	84.3	6	2
81.9284959285264	6.22384038333431	0.335703007924654	81.7508945586237	78.5482556830195	F	84.8	6	2
58.9309626053174	5.08256205478988	0.534631389577912	93.3651054509258	89.6996020827304	F	85.6	7	2
69.2216942179868	6.39154580479603	0.444669501597405	85.7176708365889	84.3735523529489	F	87.5	7	2
64.8263842538806	6.34635348359471	0.486631130833202	97.3032944243535	93.1742773500009	F	85.2	7	2
74.4855548112567	6.32106123831523	0.388579854321844	82.3624686111245	93.7543627749629	F	86.1	7	2
86.0760465650761	5.45545153162008	0.282571297805382	76.665296943977	66.4167579796481	F	87.9	8	2
77.564818368283	6.16159491463606	0.394317467341924	91.3057287609129	100.692360271001	F	84.3	8	2
84.0760260343131	4.8025699697144	0.312072211227599	76.403581563634	90.6891782972204	F	86.1	8	2
77.1350929158118	4.54145951819877	0.379162688449325	62.5828141410968	78.8252544946355	F	87	8	2
82.0408547733885	7.94489717325157	0.306168746849863	81.7277700667423	83.7270507721583	F	89	9	2
69.1783492519411	6.19725903375162	0.442801192565834	80.3710737178851	75.431215535697	F	86.1	9	2
71.1204250807241	4.20779603892135	0.445161944370272	85.170092118301	50.1850389656329	F	90.2	9	2
85.6530873989479	5.53580583160375	0.285464623162281	80.3846648426702	71.4517723714527	F	87.1	10	2
78.6920611492237	5.97253801847804	0.382281396280253	66.8959927422014	71.5282312428169	F	86.8	10	2
84.3184910425419	7.81819374265015	0.301304282489747	81.9374324571491	58.7499662402731	F	87.8	10	2
82.7179485230264	3.93285373741683	0.338197561783336	61.3363574922847	71.3763807755445	F	90.1	11	2
82.6001905287951	4.82909377523366	0.311150274631037	67.2271763272338	66.2396445383361	F	89.2	11	2
95.7940633027892	5.06065661916487	0.196200065542142	82.2003861281805	63.4463745650628	F	87.5	11	2
71.6162184309759	5.5235190347026	0.43018898384606	66.6271566944762	61.2885454526295	F	85	12	2
82.1991375583223	4.97792804671449	0.340401450431071	73.2086756579563	48.9444356784714	F	77	12	2
72.24882401191	7.00335357684353	0.43663957057439	54.5510668473525	128.503353576844	M	85	22	3
71.7756882971951	7.08385869325833	0.442640577828314	63.7463894786521	128.583858693258	M	80	17	3
69.4382636963362	7.78942743769885	0.471652025726989	46.4985109258334	129.289427437699	M	83	17	3
83.0366098725521	5.97313131960175	0.33675047022103	70.0742875577972	127.473131319602	M	80	15	3
50.1324272553205	7.323105037237	0.615637341838126	73.9299367348777	128.823105037237	M	80	17	3
45.0009795780088	7.71195473198199	0.693075218142948	85.2124573745833	129.211954731982	M	70	18	3
72.4609755343339	5.43996003484569	0.438365503282851	78.3601855933137	126.939960034846	M	85	16	3
64.1539328580483	7.30619481531018	0.519793402358217	76.8427776165542	128.80619481531	M	81	12	3
59.7289370083426	7.5079906929526	0.549349634579465	72.9264996614976	129.007990692953	M	75	15	3
70.6158608130787	6.95232054267699	0.45857766068342	74.6703447330595	128.452320542677	M	82	16	3
66.7594762197587	7.37275080234948	0.485359141936514	78.4976881136898	128.872750802349	M	83	15	3
71.8147085322398	6.93291296781603	0.444600084809049	59.6937012379683	128.432912967816	M	77	13	3
62.065478089415	5.62025675059594	0.512232349897862	79.0770184793102	127.120256750596	M	81	12	3
63.9263733337367	7.99273779899369	0.525750450855836	53.1827829010673	129.492737798994	M	73	13	3
72.100422543551	8.18157484212797	0.432342509830733	87.4442425919707	129.681574842128	M	82	14	3
76.1501833333091	7.14561222621424	0.39272324341574	71.627349480929	128.645612226214	M	79	8	3
69.6744773222597	6.62692353823811	0.463416276449282	55.4625761987848	128.126923538238	M	77	23	3
56.6430503567292	6.98892739772172	0.575938542731854	85.4310542365071	128.488927397722	M	70	22	3
63.9028210595149	6.52140118273355	0.506525024414022	70.2901693654458	128.021401182734	M	84	13	3
67.1982750532467	4.21537204251556	0.489636466882186	86.1920354216431	125.715372042516	M	82	16	3
69.8497915535491	6.08234510271639	0.446721270275888	63.5321702025417	127.582345102716	M	86	14	3
67.6680295769427	5.68978442059837	0.479235014305205	43.7570973407298	127.189784420598	M	73	15	3
71.9507571469739	7.52631831539743	0.435625569334237	63.4035216523333	129.026318315397	M	85	11	3
50.3698920538755	7.92376202123539	0.63683663474751	72.8838286147558	129.423762021235	M	80	10	3
59.0869302675946	6.75521050002179	0.578311358315805	76.4966777705971	128.255210500022	M	82	16	3
45.2651254506684	7.05292165237486	0.681951407058487	57.0429470705577	128.552921652375	M	71	17	3
75.5871357268939	7.0649177357794	0.413952240390828	60.0111877139573	128.564917735779	M	78	15	3
54.0245032694371	6.27316078176426	0.613897864876235	54.9319184414888	127.773160781764	M	80	8	3
60.4813279364059	7.07609764058631	0.542381823200197	57.160156739631	128.576097640586	M	78	14	3
67.8062759557991	6.00259578500493	0.467335038053858	64.3842874506198	127.502595785005	M	83	15	3
72.6485613235134	7.34090127464242	0.419009844812208	71.5990269072468	128.840901274642	M	88	17	3
76.669045221227	5.99552487282698	0.403882343060274	74.4965934493983	127.495524872827	M	78	18	3
84.7917674918595	6.23588716792048	0.322202986977818	54.5421696311447	127.73588716792	M	93	12	3
58.4874149095117	6.8261977510646	0.568557957289872	71.9664344031686	128.326197751065	M	78.5	14	3
72.3577826899544	7.4237175264504	0.444247239040073	64.27367700274	128.92371752645	M	80	14	3
56.3904317667635	6.75930776730298	0.577073755717349	58.3961703424632	128.259307767303	M	74	14	3
68.209488104494	7.61963154706634	0.470624698110914	46.8483166877087	129.119631547066	M	81	15	3
61.0474847861735	5.77630160038768	0.532694720954357	74.5541602985852	127.276301600388	M	78	13	3
59.4815877272869	9.21509231089249	0.549549925537652	64.0589225243756	130.715092310892	M	83	17	3
63.4786502223193	7.74006894086986	0.515657671575751	59.9597682650729	129.24006894087	M	77	14	3
65.1995902584647	6.56761369402383	0.497470495868069	71.5475186176193	128.067613694024	M	75	13	3
67.4143458716769	7.79428790346207	0.495689781199006	60.7765774905644	129.294287903462	M	81	11	3
72.7187954350972	8.19435135369123	0.419865422787127	69.7317030204885	129.694351353691	M	80	8	3
59.4281881710187	7.02348888737797	0.53874525354025	68.7909397395023	128.523488887378	M	77	14	3
61.8252932673961	4.37744835388993	0.553033828390549	41.6558373887705	125.87744835389	M	72	17	3
66.9030878698832	7.61639588979875	0.475023191469611	57.1479170686	129.116395889799	M	78	15	3
48.9574863450749	7.88501380484773	0.64992414081979	54.6430900682552	129.385013804848	M	83	13	3
75.7139193804219	6.93494580456237	0.408529165100961	44.2201895301202	128.434945804562	M	83	11	3
72.2175811026286	8.59634695861581	0.43396536866741	39.2180635714253	130.096346958616	M	86	12	3
63.5419932889385	7.27305875164926	0.52745227661093	69.5303480692394	128.773058751649	M	83	8	3
79.8105378391509	6.71397481712173	0.346778076977404	63.3237714252264	128.213974817122	M	80	16	3
79.1665148200601	5.98896874475007	0.358414321097096	50.9066162190145	127.48896874475	M	83	16	3
52.0648333052175	6.51192127603701	0.634193367934633	49.7228364697463	128.011921276037	M	82	16	3
65.1936619146346	6.93204504796547	0.514327196121836	36.5799231141326	128.432045047965	M	80	17	3
71.6363359777207	9.45268435557973	0.439163797783161	45.3200745534285	130.95268435558	M	82	12	3
74.4205873847417	7.16414679598672	0.421872663735012	27.6863604731295	128.664146795987	M	77	13	3
84.8755673816207	6.44593824069371	0.327316070107208	45.1894378587776	127.945938240694	M	88	13	3
88.2742525676246	5.57079096827066	0.271446809476835	72.6685024264395	127.070790968271	M	84	13	3
76.249231339251	8.13446526623492	0.384978625101448	55.9560516568592	129.634465266235	M	81	22	3
66.7537160074619	7.00909395969769	0.495999108428223	69.7232197101298	128.509093959698	M	83	14	3
83.766004409477	8.04177036816559	0.310127004130494	57.4539673162441	129.541770368166	M	85	12	3
83.9404588840531	5.14911882334752	0.311212441339273	52.5155412674127	9.17384841550999	F	80	19	3
91.3826821299535	3.99670985045589	0.24875263494915	74.2253496668934	28.78025882785	F	80	18	3
68.407360734172	5.37517010505074	0.451938857638072	47.9435298920963	50.7621064333232	F	86	17	3
87.655765997033	4.47669929964583	0.284843381736757	70.3235766207028	45.1620456416348	F	80	18	3
77.2881074663307	6.24316452464218	0.37501061742113	61.7945295675064	58.5861699543102	F	83	16	3
74.3231160560422	4.65365359318576	0.414386982877656	71.0519962725597	40.9271551047379	F	80	18	3
84.6344255127592	5.32534278304261	0.308984535021117	63.513432510341	43.8471957491818	F	86	10	3
89.7634899435973	4.48053103117768	0.256006061530059	94.0607371806487	75.8551232946117	F	80	10	3
84.9824850268807	3.87282619418729	0.292506108279982	49.092924345722	58.6153042138644	F	75	14	3
93.3795128691143	6.72963067286704	0.2237804735516	89.5000752259854	57.3496564787233	F	84	13	3
82.5799155635825	4.22594017859391	0.332864030173382	82.9172304464638	83.2057062667471	F	66	10	3
85.2626028984489	5.3067762151038	0.308472376778279	58.6758732973978	31.5616873551603	F	80	16	3
78.2448523218751	4.77914099798125	0.339617040893157	84.8330107234578	64.729897433075	F	80	8	3
92.6102936441184	3.03832558917548	0.222348248706108	36.0282781397271	4.91362383719201	F	75	24	3
77.64037520384	4.10022294608962	0.373910582407215	63.0190334856395	56.5410765010399	F	76	14	3
81.060743244184	5.59482574255546	0.330708486198353	62.3058602849029	42.3982186599933	F	87	15	3
66.6572819371869	6.24671066179891	0.456662612164	79.8779409570146	47.7448218220657	F	83	14	3
79.9328819826025	6.73106481244314	0.344036989251048	85.1381671868825	56.9326158821942	F	80	14	3
87.4927432794515	3.88878581552641	0.298918010806413	64.6229955881154	32.3766979921819	F	84	17	3
87.869742868082	5.06744389032135	0.290406131049323	79.2489388850369	52.8102948501364	F	78	12	3
76.3565089856976	5.16483071947405	0.385572260248592	59.6114049192402	55.3751287426375	F	84	13	3
95.5319655111935	5.26947659335961	0.202037702794541	78.2944280704919	58.7313645679239	F	83	14	3
93.90317264454	5.28794419018422	0.20262429929811	68.4738348718991	56.8367988864205	F	78.5	14	3
89.9105508408438	7.39550611574373	0.252210973780836	67.0541204011985	78.7283336151921	F	84.5	12	3
85.2998020075233	5.42380981794372	0.28712650502312	69.3528064883514	90.4281429898465	F	77.5	11	3
90.3970550550766	7.24628055524983	0.245125861064772	77.507601626711	50.682248232142	F	80	13	3
91.5852409389411	3.62995439034697	0.241839034188823	52.0169082552012	58.6934031075243	F	80.5	13	3
93.4431892757142	5.60991375111189	0.225097193511851	67.5566321952558	58.3016828422705	F	79	14	3
84.1415633257459	7.3676896665779	0.31925713029415	65.7538735121231	35.4395485071655	F	75.5	15	3
96.2522329726536	3.96785797133603	0.206035350494696	75.432719402234	66.4447321944423	F	86.5	11	3
98.6646144805641	7.21589167184966	0.183779169008915	64.2680925637671	63.7640692075103	F	91	14	3
83.9937859366731	5.08197390474926	0.302472292889363	81.5548198573267	64.3209174420084	F	68.7	13	3
89.5791743530208	5.40028041541865	0.182459980961767	40.8509002745078	36.7272800331111	F	75.1	17	3
88.3902350334924	6.01563525931593	0.147149843672476	73.4390040004014	87.0957919039519	F	86.7	7	4
88.0295430098545	5.06832426826729	0.153619876149109	72.6689207625249	64.6189898388113	F	98.2	11	4
104.189848930361	5.50214036694546	0.255028303408753	69.5079342730945	60.1773789617704	F	87.4	10	4
91.9284959285264	6.96358629845006	0.222037302659564	64.044071210242	3.070122419816	F	94	22	4
68.9309626053174	6.05222666630745	0.08595916260949	59.2567698865437	54.3639242378373	F	81	13	4
79.2216942179868	5.70798278304819	0.175942141650781	70.7413523820601	70.4942313297084	F	93.2	12	4
74.8263842538806	5.05561240037474	0.224951872102674	61.4123470449412	34.428872304687	F	85.5	15	4
84.4855548112567	5.42244055580034	0.114180023354826	61.910699773119	60.6879643784854	F	87.1	12	4
96.0760465650761	5.42143456477632	0.16179579751117	74.7210860867789	57.300077363382	F	93.3	11	4
87.564818368283	6.0092943985317	0.323312626038126	76.2985618715258	66.6989313283968	F	90	11	4
94.0760260343131	5.71293628797027	0.190451932182484	59.6917909725677	37.9681797858319	F	87.5	18	4
87.1350929158118	5.21784430465497	0.213062689526785	74.2094434358833	75.0091566814212	F	77.7	10	4
92.0408547733885	5.5344707773233	0.233334233402317	59.7280885333204	66.439615532857	F	89.8	12	4
79.1783492519411	6.56746137809002	0.302508219938747	77.8493560862536	66.8139754983423	F	94.7	10	4
81.1204250807241	5.2488295309375	0.172591871896301	71.856308603909	66.9562368480156	F	92.1	11	4
95.6530873989479	7.88253641978702	0.28925594314646	30.0737513663877	5.14829514723	F	90.5	21	4
88.6920611492237	5.82337703542843	0.160476187360911	44.9732813241674	55.8380590684161	F	84.8	15	4
94.3184910425419	6.71257058344567	0.07448031757734	74.9260030311187	76.6743977651471	F	90.8	11	4
92.7179485230264	5.2524922818557	0.21507274018726	87.2837862753117	67.6295093304938	F	71.4	14	4
92.6001905287951	3.92449592171327	0.260552989516726	66.4230799235024	49.1692034217166	F	92	12	4
105.794063302789	6.03048281822072	0.316391105536295	98.6379289936827	63.5899695310382	F	85.2	6	4
81.6162184309759	7.09479315076873	0.138253313883092	60.7808617839254	26.009190312762	F	77.5	18	4
92.1991375583223	5.62182882353726	0.412279670823	73.4494421618412	78.3045853136836	F	82.9	11	4
92.24882401191	5.05986223704704	0.23663957057439	76.0688458933601	68.6912140868381	F	84	8	4
91.7756882971951	5.60508311057255	0.242640577828314	61.4054732289303	46.7489800474333	F	84.7	11	4
89.4382636963362	4.63366714076917	0.271652025726989	75.1129993027653	89.4099759926313	F	81.9	9	4
103.036609872552	7.09012014326641	0.13675047022103	33.679021072149	50.8234767869868	F	87.1	18	4
70.1324272553205	5.68711999826817	0.415637341838126	85.4544253045252	67.2174841255968	F	80.2	8	4
65.0009795780088	5.16112443384139	0.493075218142948	62.6264312941905	71.0901716877848	F	93.4	11	4
92.4609755343339	4.80669187023172	0.238365503282851	59.5324818287349	55.4666298788132	F	75.4	13	4
84.1539328580483	5.45135111108356	0.319793402358217	69.6904259502675	44.9760246496185	F	85.6	14	4
79.7289370083426	4.88020083480239	0.349349634579465	80.8955667528093	67.7772037232592	F	74	8	4
90.6158608130787	3.4610677138508	0.25857766068342	48.5915038422838	49.5906321364619	F	76.8	16	4
86.7594762197587	7.01503291402937	0.285359141936514	87.5683955310182	81.4828594513329	F	99.5	6	4
91.8147085322398	5.76076554906908	0.244600084809049	82.9099355934088	84.8094948304855	F	82.2	6	4
82.065478089415	6.48197965355605	0.312232349897862	76.1135835960194	61.9946699444362	F	74.7	14	4
83.9263733337367	6.76076185860647	0.325750450855836	81.9078014238529	84.1668270371443	F	98	10	4
92.100422543551	7.36227376635884	0.232342509830733	83.0843379949017	89.346879006811	F	85	7	4
96.1501833333091	6.66915188295027	0.19272324341574	52.4107291578911	9.55530709483899	F	94	17	4
89.6744773222597	5.74856476689686	0.263416276449282	64.9454210721075	39.2483030975778	F	98.7	12	4
76.6430503567292	7.11843976978935	0.375938542731854	79.7414069696222	57.4999311422394	F	90.7	12	4
83.9028210595149	7.06736542820898	0.306525024414022	74.5823408254099	81.7376043555387	F	86	8	4
87.1982750532467	6.9431581509667	0.289636466882186	60.5366814777356	69.9291008752066	F	88.3	12	4
89.8497915535491	8.33990215542497	0.246721270275888	74.9733003107115	77.8783511058046	F	97.6	10	4
87.6680295769427	5.59263408474118	0.279235014305205	79.449677813617	87.3140547378276	F	83.1	10	4
91.9507571469739	3.76261242225406	0.235625569334237	82.7195640627075	87.0689879339067	F	91.9	10	4
70.3698920538755	4.49669124720845	0.43683663474751	88.4294457063945	93.3145799678287	F	79.4	11	4
79.0869302675946	6.02453716085578	0.378311358315805	73.0017411134625	48.0719841824396	F	92.7	11	4
65.2651254506684	5.74224926433256	0.481951407058487	83.025064325727	91.7963386090232	F	81.6	8	4
95.5871357268939	6.04334082866267	0.213952240390828	53.1603653722916	56.0024372411083	F	95.5	12	4
74.0245032694371	5.14265524940156	0.413897864876235	84.243087240026	75.1937248146475	F	73.4	8	4
80.4813279364059	4.06879002446733	0.342381823200197	44.9565971334275	44.8487162744451	F	80.6	17	4
87.8062759557991	4.73420213161803	0.267335038053858	96.3536928156735	83.4720402864641	F	80.9	7	4
92.6485613235134	3.81361098950652	0.219009844812208	83.5339378349878	87.6641686738664	F	79.3	8	4
96.669045221227	5.13878366981133	0.203882343060274	70.681314919304	88.826092725967	F	88.5	8	4
104.79176749186	2.62764973781416	0.122202986977818	100.744514998453	97.9659032279376	F	77.3	6	4
78.4874149095117	6.12942066915635	0.368557957289872	89.301700321639	81.3948985653547	F	72	9	4
92.3577826899544	5.15082966984605	0.244247239040073	96.081618583318	86.0797673482003	F	80.8	6	4
76.3904317667635	4.34145330283505	0.377073755717349	72.4687059949287	79.2777403056048	F	79.4	11	4
88.209488104494	8.06505779372103	0.270624698110914	79.9730129950914	59.2120998586732	F	84.9	10	4
81.0474847861735	5.0547252689998	0.332694720954357	81.4395891319958	73.7954273735377	F	83.1	9	4
79.4815877272869	5.96324450936574	0.349549925537652	87.184384044656	50.459735439709	F	80	12	4
83.4786502223193	3.96800824251177	0.315657671575751	80.1505347855516	56.2622633754143	F	76.3	13	4
85.1995902584647	4.4395898828147	0.297470495868069	74.7578919327899	66.5746576463092	F	80.6	9	4
87.4143458716769	4.65009062574757	0.295689781199006	96.5364142790262	88.1335871361371	F	73.7	6	4
92.7187954350972	5.58081774434892	0.219865422787127	52.8470483486473	70.6565368034949	F	81.5	10	4
79.4281881710187	4.54795675405987	0.33874525354025	79.470244585339	85.5254528575102	F	77.7	6	4
81.8252932673961	6.01757583317557	0.353033828390549	59.7900363670492	84.8333931701861	F	84.8	9	4
86.9030878698832	4.40413516546415	0.275023191469611	89.2416238518038	77.4261355892354	F	75.2	9	4
68.9574863450749	6.14752357352734	0.44992414081979	77.2509281675069	55.8109000189138	F	89.7	12	4
95.7139193804219	5.44061242296834	0.208529165100961	83.3957181211501	88.5075102914867	F	81.1	7	4
92.2175811026286	6.00913692562367	0.23396536866741	70.8925345380657	59.5715464717813	F	77.5	10	4
83.5419932889385	5.72570157448209	0.32745227661093	44.1724622388949	86.0932900673788	F	92.5	11	4
99.8105378391509	3.46555137958381	0.146778076977404	78.571686662142	90.4130274628496	F	67.7	7	4
99.1665148200601	4.97992937441738	0.158414321097096	57.4881720136913	48.0384573212787	F	85.5	12	4
72.0648333052175	5.37686521016124	0.434193367934633	72.4528799739354	79.4940582411075	F	85.3	6	4
85.1936619146346	5.50491526297165	0.314327196121836	80.5638105967992	68.8390006921842	F	82.4	8	4
91.6363359777207	5.74996804697172	0.239163797783161	58.0267534834766	62.4668535392217	F	85.8	8	4
94.4205873847417	3.77732086167848	0.221872663735012	79.4391278891407	41.1926377140089	F	80.2	13	4
104.875567381621	6.64856597850759	0.127316070107208	49.2459602611366	18.670947510105	F	85.5	20	4
108.274252567625	6.6638718453801	0.0714468094768399	79.7485067700103	62.8013103137957	F	83.5	11	4
96.249231339251	5.41087472907861	0.184978625101448	44.4612399496951	56.8552713761422	F	94	13	4
86.7537160074619	6.09432032013439	0.295999108428223	54.4374937624559	49.9418940494954	F	74.8	16	4
103.766004409477	6.12098218484371	0.110127004130494	63.0219813372949	23.813729403492	F	85.7	16	4
93.9404588840531	5.49769543655181	0.179235253167032	77.8551309284816	79.655954448272	F	85.1	8	4
101.382682129953	6.50702932862694	0.344646823417749	85.0683496916218	60.6558387664982	F	70	13	4
78.407360734172	3.68120978552516	0.192362589603936	66.7100918589304	64.8296492646368	F	88.5	12	4
79.1666420527221	6.59198188088744	0.389500368088453	60.9933467208267	128.091981880887	M	88.7	7	4
67.6582325101294	7.82384038333431	0.477818289628409	58.7508945586237	129.323840383334	M	87.2	14	4
83.7667814136286	6.68256205478988	0.336027827183889	70.3651054509258	128.18256205479	M	85.7	12	4
69.4109773144183	7.99154580479603	0.442413765646819	62.7176708365889	129.491545804796	M	79	16	4
61.363203197769	7.94635348359471	0.559956815833558	74.3032944243535	129.446353483595	M	88.2	18	4
60.86666126295	7.92106123831523	0.537375889594644	59.3624686111245	129.421061238315	M	83.5	12	4
71.9202250888754	7.05545153162007	0.44359266777781	53.665296943977	128.55545153162	M	94.5	8	4
62.4382391642503	7.76159491463606	0.5175597895972	68.3057287609129	129.261594914636	M	80.6	16	4
62.448053803211	6.4025699697144	0.528677340308765	53.403581563634	127.902569969714	M	83.4	12	4
72.9314006022169	6.14145951819877	0.423935222381836	39.5828141410968	127.641459518199	M	85.6	11	4
76.397970710326	9.54489717325157	0.383715745091607	58.7277700667423	131.044897173252	M	84.3	8	4
81.1136133079847	7.79725903375162	0.353704604472995	57.3710737178851	129.297259033752	M	87	17	4
53.852667996121	5.80779603892135	0.608906511618602	62.170092118301	127.307796038921	M	76.2	8	4
60.2497904812736	7.13580583160375	0.545205289887335	57.3846648426702	128.635805831604	M	83.6	11	4
86.7765276234071	7.57253801847805	0.315157873849644	43.8959927422014	129.072538018478	M	91	9	4
55.6035623630847	9.41819374265015	0.573258095809994	58.9374324571491	130.91819374265	M	84.8	13	4
73.7580749458943	5.53285373741683	0.417225104836687	38.3363574922847	127.032853737417	M	80.1	16	4
69.6652395213105	6.42909377523365	0.467978942154561	44.2271763272338	127.929093775234	M	83.8	7	4
69.7396402446826	6.66065661916487	0.464602524572956	59.2003861281805	128.160656619165	M	80.7	9	4
53.6195558773856	7.1235190347026	0.590284268986489	43.6271566944762	128.623519034703	M	76.8	15	4
68.6642011688153	6.57792804671449	0.472209588653344	50.2086756579563	128.077928046714	M	85.2	10	4
69.5680254276792	5.9465858738212	0.470139325259152	27.7983075372054	127.446585873821	M	87.2	10	4
65.3723734851527	7.38825410667406	0.513005756925896	65.4105583272598	128.888254106674	M	85.1	4	4
61.6271877464587	7.35011783601433	0.523741592632533	38.0738377495393	128.850117836014	M	78.7	15	4
72.2915301759769	8.18926715826495	0.440511569784798	20.9574662515285	129.689267158265	M	86.8	10	4
66.9042204409037	7.95119606683981	0.49050259519847	48.2914067769893	129.45119606684	M	85.8	11	4
71.4422396770316	6.35444412215136	0.444005611053687	32.9762519339525	127.854444122151	M	90.9	13	4
57.2080214446825	8.28078797288436	0.600767760163746	57.7020680057065	129.780787972884	M	68.4	11	4
75.7199334757872	5.74924283713621	0.423261747010196	60.5373909328602	127.249242837136	M	89.7	17	4
64.8383491021977	6.76350351832169	0.516945878362811	46.8408395836899	128.263503518322	M	75.3	6	4
61.0072980231957	7.25162267657875	0.542424771975452	33.5682784493992	128.751622676579	M	80	22	4
65.1965679220046	8.47586779361145	0.497783642415295	43.7174663847172	129.975867793611	M	77.8	5	4
71.1363338831187	6.39028755536469	0.454199778764079	69.0669753430539	127.890287555365	M	85.1	16	4
56.4156647952663	8.19169951608114	0.588719912158722	49.1928754849801	129.691699516081	M	75.5	7	4
57.4239348275164	6.25260008600726	0.563550790004489	42.750611558326	127.752600086007	M	79.7	18	4
77.359303911084	6.0825360707915	0.388207310805658	55.1474523886853	127.582536070792	M	86	7	4
67.9381291032338	5.87214167807866	0.472898379419658	48.6089147709795	127.372141678079	M	71	14	4
49.5294057656293	7.10704706663359	0.629599948194862	18.743970677955	128.607047066634	M	75.8	16	4
83.453312789297	8.69741950919858	0.324261785318472	54.797627936882	130.197419509199	M	85.4	3	4
80.8420952992575	5.41969723867402	0.361269161507658	34.6959160966022	126.919697238674	M	77.2	11	4
67.8933671190791	6.52634074316409	0.473162640382339	46.0092864302113	128.026340743164	M	84.2	10	4
75.9925393877708	7.12364739838371	0.401750431539649	48.7595315294985	128.623647398384	M	87.3	8	4
78.4296661353126	7.78582216934451	0.381459876431025	52.4781802001093	129.285822169345	M	87.4	5	4
72.2611199270171	5.40548750320673	0.438462471363073	77.0723983887293	126.905487503207	M	85	12	4
72.0156022319932	6.47957989203611	0.445635929517586	49.1502551257906	127.979579892036	M	87.5	20	4
70.4195233511686	5.26455160782319	0.43822875035374	32.8744181793554	126.764551607823	M	90.4	11	4
59.3141262437735	6.2400175000075	0.543426514498069	35.8505182735863	127.740017500007	M	82.4	4	4
63.6877314928825	6.25881967086731	0.502933735414936	33.2579263856278	127.758819670867	M	81.2	12	4
78.4547708424823	7.18914844817726	0.378218404291488	75.779495792626	128.689148448177	M	89.9	10	4
62.4097606668437	7.97712427243216	0.518694714760372	54.7681988890093	129.477124272432	M	77.8	7	4
68.0466646968276	6.9552676659541	0.473074030054179	36.5606449887238	128.455267665954	M	76.1	19	4
70.5603491034685	7.13132947080763	0.446550802309874	43.1510794292445	128.631329470808	M	91.2	11	4
71.9210611431724	7.2565643807133	0.420429455315319	47.7790762174978	128.756564380713	M	78.1	8	4
59.243279995058	7.74094180275096	0.570084980685104	47.2964316181129	129.240941802751	M	81.5	15	4
77.2193715279106	8.0093541147537	0.400649417458409	48.1519743012627	129.509354114754	M	86	10	4
74.5008475897522	7.18240685065884	0.431631334074686	29.5671084170649	128.682406850659	M	89.2	13	4
63.0400940348538	8.60760815860099	0.531242980267866	45.5045267024514	130.107608158601	M	76.4	13	4
71.6641055436661	9.02086550943504	0.436346987455767	30.9022197644524	130.520865509435	M	84.2	12	4
60.1289985428688	6.96118261620238	0.545176487396271	61.2143755786748	128.461182616202	M	73.1	6	4
69.3614119298016	7.58691197092112	0.454937809697661	54.4713022181199	129.086911970921	M	78.4	13	4
90.2148420121881	6.60117294204828	0.276412098319684	60.0107412973724	128.101172942048	M	89.7	7	4
89.0412608852234	9.82910673621356	0.295608023887759	35.3225378418154	131.329106736214	M	86.8	6	4
70.486908377565	6.71118375043438	0.448862846185709	51.7801968220944	128.211183750434	M	81.1	15	4
90.7520235186268	7.82464661344362	0.269167356265002	62.2771223125231	129.324646613444	M	79.4	12	4
54.0995228542203	6.50439699728611	0.618239551974416	55.2862171709825	128.004396997286	M	82	11	4
74.4149994650928	5.84976536668487	0.418797810686316	48.0866179800327	127.349765366685	M	78.9	8	4
67.6731137158357	7.36775732269715	0.478730927639106	50.4700760832908	128.867757322697	M	83.2	13	4
71.6615285716488	6.24565575491158	0.442287704004122	55.3975400552556	127.745655754912	M	85	7	4
63.3090759253721	7.83024781399377	0.521066933198756	59.2435159344641	129.330247813994	M	86.4	12	4
93.920066087052	8.52793713873727	0.239576585521077	50.6651780454822	130.027937138737	M	81.4	12	4
57.1746929941791	7.12949324493045	0.570047464388237	61.2743614802384	128.62949324493	M	74.4	13	4
65.9951551436007	7.82107160622223	0.509740606630376	33.9294847186802	129.321071606222	M	82.1	9	4
65.7754926526624	8.01011338737008	0.489537160205028	41.6512908573682	129.51011338737	M	59	9	4
39.04015747826	6.42371866000753	0.758197770742742	45.3903811365125	127.923718660008	M	59	10	4
48.0574776584642	7.41723939363877	0.659503572372579	42.1823282657809	128.917239393639	M	58	2	5
48.4433510189235	5.97718175568782	0.670684482184138	38.0841258807666	127.477181755688	M	58	2	5
40.5829308631694	5.9086474260242	0.73886749935764	65.367008824524	127.408647426024	M	57	2	5
42.9506713254389	5.43137804079584	0.725895212244491	46.8779923621971	126.931378040796	M	56	2	5
56.664756016298	8.29324365121061	0.563939190177502	19.4070080426731	129.793243651211	M	55	2	5
43.154953497037	7.12779072504156	0.705384744999237	16.2779824945465	128.627790725042	M	55	2	5
42.4876969545264	8.57367758305144	0.71062318108236	43.0219067887643	130.073677583051	M	55	2	5
39.726596441837	7.38529761036629	0.740000822241031	33.5397698057047	128.885297610366	M	54	2	5
45.3737832215419	6.74911882334752	0.676746001042632	29.5155412674127	128.249118823348	M	54	2	5
44.3948114228835	5.59670985045589	0.698989936721157	51.2253496668934	127.096709850456	M	53	2	5
48.6178588519503	6.97517010505074	0.654807293048261	24.9435298920963	128.475170105051	M	53	2	5
32.5023525394974	6.07669929964583	0.807490979583023	47.3235766207028	127.576699299646	M	50	2	5
36.9413835989113	7.84316452464218	0.76308349151797	38.7945295675064	129.343164524642	M	50	2	5
57.739033647965	6.25365359318576	0.564561098230771	48.0519962725597	127.753653593186	M	50	2	5
43.7901293786147	6.92534278304261	0.693370852212465	40.513432510341	128.425342783043	M	50	2	5
34.1144193491809	6.08053103117768	0.818682829904015	71.0607371806487	127.580531031178	M	49	2	5
54.5833483750081	5.47282619418729	0.607841554214666	26.092924345722	126.972826194187	M	49	2	5
43.7134663719263	8.32963067286704	0.681836880310822	66.5000752259854	129.829630672867	M	49	2	5
58.1615931541703	5.82594017859391	0.571371251256779	59.9172304464638	127.325940178594	M	48	2	5
38.4751274011553	6.9067762151038	0.734911419524924	35.6758732973978	128.406776215104	M	48	2	5
35.8682139722656	6.37914099798125	0.780180976430265	61.8330107234578	127.879140997981	M	47	2	5
38.810224112952	4.63832558917548	0.760816423504236	13.0282781397271	126.138325589175	M	46	2	5
33.5311017291674	5.70022294608962	0.782879632392245	40.0190334856395	127.20022294609	M	45	2	5
37.8911152226545	7.19482574255546	0.778750521862071	39.3058602849029	128.694825742555	M	45	2	5
26.6154501525315	7.84671066179891	0.871093865900626	56.8779409570146	129.346710661799	M	45	2	5
28.2485514403077	8.33106481244315	0.860873920582768	62.1381671868825	129.831064812443	M	44	2	5
56.1317103919081	5.48878581552642	0.582799175924776	41.6229955881154	126.988785815526	M	69	2	5
59.9408499128446	6.66744389032135	0.55262331663387	56.2489388850369	128.167443890321	M	68	2	5
51.9783015177686	6.76483071947405	0.621997969748448	36.6114049192402	128.264830719474	M	66	3	5
64.5457606357601	6.86947659335961	0.495425871326171	55.2944280704919	128.36947659336	M	65	3	5
45.7297244730353	6.88794419018422	0.66950308037627	45.4738348718991	128.387944190184	M	64	3	5
66.1295516769301	8.99550611574373	0.499541528558365	44.0541204011985	130.495506115744	M	63	3	5
53.8815207749693	7.02380981794372	0.602761954284681	46.3528064883514	128.523809817944	M	62	3	5
51.4586888443097	8.84628055524983	0.627300405049833	54.507601626711	130.34628055525	M	61	3	5
44.7610604437079	5.22995439034697	0.689375634621518	29.0169082552012	126.729954390347	M	60	3	5
53.4425388222474	7.20991375111189	0.611337592425297	44.5566321952558	128.709913751112	M	59	3	5
52.4995838297894	8.9676896665779	0.598166014041622	42.7538735121231	130.467689666578	M	58	3	5
55.0831539819215	5.56785797133603	0.587795034577212	52.432719402234	127.067857971336	M	57	3	5
34.8465074518982	8.81589167184966	0.779934492087233	41.2680925637671	130.31589167185	M	56	3	5
40.1063793561307	6.68197390474926	0.734591044107198	58.5548198573267	128.181973904749	M	55	3	5
44.0147826135339	7.00028041541865	0.70556799926505	17.8509002745078	128.500280415419	M	55	3	5
46.2886826293954	7.61563525931593	0.692202495239235	50.4390040004014	129.115635259316	M	55	3	5
34.7104046596454	6.66832426826729	0.797300508635001	49.6689207625249	128.168324268267	M	54	3	5
45.7875947585779	7.10214036694546	0.670247835778399	46.5079342730945	128.602140366945	M	54	3	5
47.0676769537037	8.56358629845006	0.655911961856708	41.044071210242	130.06358629845	M	53	3	5
55.211048345314	7.65222666630745	0.599007648566873	36.2567698865437	129.152226666307	M	53	3	5
57.376187162086	7.30798278304819	0.581402974644756	47.7413523820601	128.807982783048	M	53	3	5
43.2896143309085	6.65561240037474	0.680438958413958	38.4123470449412	128.155612400375	M	53	3	5
53.7899003666755	7.02244055580034	0.599169027084888	38.910699773119	128.5224405558	M	52	3	5
40.5429151273206	7.02143456477631	0.733586499613431	51.7210860867789	128.521434564776	M	52	3	5
38.1359506022084	7.6092943985317	0.772788601628072	53.2985618715258	129.109294398532	M	50	3	5
44.1929272011449	7.31293628797027	0.689159905090027	36.6917909725677	128.81293628797	M	50	3	5
50.292497927113	6.81784430465497	0.638929518070932	51.2094434358833	128.317844304655	M	49	3	5
45.5057856931962	7.1344707773233	0.690959463284113	36.7280885333204	128.634470777323	M	46	3	5
53.0718010112032	8.16746137809002	0.60938460127234	54.8493560862536	129.66746137809	M	66	3	5
59.8739642059058	6.8488295309375	0.565437460765135	48.856308603909	128.348829530938	M	63	3	5
41.7217178460467	9.48253641978702	0.71972558492601	7.07375136638771	130.982536419787	M	63	4	5
60.9242754846828	7.42337703542842	0.5501836957354	21.9732813241674	128.923377035428	M	61	4	5
40.4054767528193	8.31257058344567	0.732669819387097	51.9260030311187	129.812570583446	M	60	4	5
60.3444503638638	6.8524922818557	0.550768806496103	64.2837862753117	128.352492281856	M	59	4	5
53.371986585426	5.52449592171327	0.618538218492998	43.4230799235024	127.024495921713	M	58	4	5
37.251515497111	7.63048281822072	0.755495784283596	75.6379289936827	129.130482818221	M	57	4	5
43.6611742263151	8.69479315076873	0.704570254138217	37.7808617839254	130.194793150769	M	51	4	5
59.1901106344555	7.22182882353726	0.546052812198275	50.4494421618412	128.721828823537	M	70	4	5
57.9433766215463	6.65986223704704	0.578251220545659	53.0688458933601	128.159862237047	M	66	4	5
44.7169249928607	7.20508311057255	0.702627447221506	38.4054732289303	128.705083110573	M	65	5	5
44.336388011389	6.23366714076917	0.688328388048031	52.1129993027653	127.733667140769	M	56	5	5
38.3306583463044	8.69012014326641	0.730665467228544	10.679021072149	130.190120143266	M	62	5	5
44.9550217000341	7.28711999826817	0.700391251052004	62.4544253045252	128.787119998268	M	59	5	5
97.655765997033	4.46571444030168	0.3835571614571	115.774507353087	115.908774584408	F	58	2	5
87.2881074663307	6.50240497351045	0.395536823741016	110.78600742009	108.920372429228	F	57	2	5
84.3231160560422	5.32195739457777	0.190432195830802	96.1521779337056	104.444468635071	F	56	2	5
94.6344255127592	5.16624158465795	0.0755129697564701	88.2334187078835	119.737645010562	F	56	2	5
99.7634899435973	6.07064469460228	0.31920745244836	109.609300749565	113.609899338736	F	56	2	5
94.9824850268807	7.27807462299495	0.285199385101331	114.366854684524	134.432351989074	F	55	2	5
103.379512869114	5.19933727944464	0.265778923297422	101.313633743225	122.109586984882	F	55	2	5
92.5799155635825	5.14657354028513	0.421607687435906	101.387782103127	130.213514379609	F	55	2	5
95.2626028984489	5.58144461624622	0.171409085270614	104.556714753538	106.460697432523	F	54	2	5
88.2448523218751	7.72470557608897	0.343524132883485	93.598710299279	94.2096975641706	F	53	2	5
102.610293644118	4.43647986167309	0.24348696234732	97.3968999280574	106.338878848763	F	52	2	5
87.64037520384	4.76282668588594	0.27773267610661	106.309338581363	129.218979122108	F	51	2	5
91.060743244184	3.95260491355745	0.07812758024537	113.146406755132	108.04564161501	F	51	2	5
76.6572819371869	5.36555742441444	0.393768408232376	96.7127964918212	130.203151770559	F	51	2	5
89.9328819826025	7.05390900668223	0.294968583765702	116.541882766572	131.444035448011	F	51	2	5
97.4927432794515	4.33342555347783	0.118817372193007	89.9974341178052	101.83570284048	F	50	2	5
97.869742868082	6.08574178262502	0.274536160249398	104.316601796334	126.725970363254	F	50	2	5
86.3565089856976	4.20234744711536	0.296086090877806	115.07588224662	120.502596356974	F	50	2	5
105.531965511194	6.95801306777472	0.208881138531111	113.000920643377	88.7488376579119	F	50	2	5
103.90317264454	4.43891668792711	0.279867692587688	90.9684526487291	104.041166143858	F	50	2	5
99.9105508408438	3.44424472755144	0.22332642607734	117.471837791016	118.818118438017	F	49	2	5
95.2998020075233	3.2215104855679	0.354796141832814	111.5976185871	110.515689837645	F	49	2	5
100.397055055077	5.16360245239393	0.144910342682964	129.282082003839	98.1008355538433	F	49	2	5
101.585240938941	4.71145862592011	0.241621636299452	109.122942123956	115.462018335702	F	49	2	5
103.443189275714	4.78367748025812	0.237005350410388	124.098801524719	121.721053443407	F	49	2	5
94.1415633257459	4.66582973557779	0.322930535773044	107.489112832566	101.788975522354	F	48	2	5
106.252232972654	4.86879908982007	0.216958737570873	105.16089312593	108.451059414482	F	48	2	5
108.664614480564	5.89479532900112	0.1038301561588	110.947337076806	107.520821977067	F	48	2	5
93.9937859366731	5.61320763177358	0.541728099864845	106.12997890395	104.214479291806	F	48	2	5
99.5791743530208	4.58299585503602	0.245625837634142	110.486177744273	126.767134014299	F	48	2	5
98.3902350334924	4.85696752957062	0.22411633524759	110.986433945978	117.343451530881	F	47	2	5
98.0295430098545	6.10590030579909	0.229445975118412	97.9441861787219	95.0548472233661	F	47	2	5
114.189848930361	6.90844231393985	0.151830166682167	115.590353589496	104.303414522738	F	47	2	5
101.928495928526	4.01616526061184	0.204899110751217	98.6807133084372	115.453224008166	F	46	2	5
78.9309626053174	4.96273878652107	0.199525957148616	104.945911536506	113.504707600864	F	46	2	5
89.2216942179868	5.41312208817863	0.23274354623813	112.7428348003	116.886237606304	F	45	2	5
84.8263842538806	4.40069911560965	0.254189513946726	113.409979377832	124.246017686981	F	45	2	5
94.4855548112567	6.86749110854992	0.105387186210843	105.528194714645	107.868801854542	F	45	2	5
106.076046565076	5.74659922265643	0.101635291828238	115.80238389122	104.456416976399	F	45	2	5
97.564818368283	4.2030922736141	0.205278561327764	107.58811498346	130.627305804399	F	45	2	5
104.076026034313	3.89609646449428	0.201370939701988	95.3974861158406	108.586953056106	F	45	2	5
97.1350929158118	4.68517915031687	0.271833156962076	116.461286354763	120.923134169575	F	44	2	5
102.040854773388	5.23141437925109	0.150605295699886	109.883002942457	144.721214255486	F	44	2	5
89.1783492519411	6.58441952048693	0.226724553162186	96.2013026815456	109.385315218723	F	44	2	5
91.1204250807241	5.26822781796594	0.158834537285233	106.173672595875	105.885920344296	F	44	2	5
105.653087398948	4.31874388663874	0.0926398088312401	114.660182840608	126.495382426827	F	43	2	5
98.6920611492237	5.94757485839375	0.102577939918529	125.861725850306	126.455439933758	F	43	2	5
104.318491042542	6.37257799434678	0.198826220369686	91.368129259007	125.871845612998	F	43	2	5
102.717948523026	3.08288449079006	0.372181415506267	121.96279830229	129.13183442408	F	42	2	5
102.600190528795	4.21024191211646	0.117461255156385	116.476581304121	108.383756806429	F	39	2	5
115.794063302789	5.82458720189461	0.175544764426774	82.1842024597992	100.784273617271	F	76	2	5
91.6162184309759	4.81318611799023	0.302160528188183	93.2485465001388	109.596851543756	F	73	2	5
102.199137558322	5.34546257566801	0.282492384123474	103.420252427316	113.635650474719	F	68	3	5
102.24882401191	5.43647449511706	0.223790961715312	92.6626102827553	100.070180792443	F	67	3	5
101.775688297195	7.46276878853698	0.259175915243326	92.5937727780843	85.7724690848544	F	66	3	5
99.4382636963362	4.78506488607431	0.243047844630884	112.301015316128	123.400932403694	F	65	3	5
113.036609872552	3.58492490922556	0.224543236868462	106.108558962053	91.0196077860072	F	65	3	5
80.1324272553205	5.01770845035585	0.222066062343643	112.984630269674	94.7176962667659	F	64	3	5
75.0009795780088	4.72176498086468	0.244087548313904	94.6151665807668	116.066329897276	F	64	3	5
102.460975534334	5.39583619742436	0.228179990502481	86.8034489268703	115.775542047757	F	63	3	5
94.1539328580483	5.87258116400013	0.290319572483379	102.622782189684	112.940439397342	F	63	3	5
89.7289370083426	5.82722100804748	0.222077822642449	99.2751898321874	112.831005096262	F	62	3	5
100.615860813079	4.20704037336468	0.228556580156303	97.3467146669259	92.4677642469536	F	62	3	5
96.7594762197587	4.08532329816494	0.227299140815715	116.152712045018	113.27006336673	F	62	3	5
101.81470853224	3.85115383649719	0.262607432854468	96.681077325019	92.8089230707873	F	61	3	5
92.065478089415	5.41543474975665	0.348398866873457	128.984699096995	96.7910277877353	F	60	3	5
93.9263733337367	5.12452578602731	0.136579332571021	82.2451598284197	92.6992582778159	F	59	3	5
102.100422543551	6.90604449613066	0.308332443228821	111.349903822911	99.711484856124	F	58	3	5
106.150183333309	5.63230918979441	0.04553440994624	99.8053040611473	101.53700755979	F	57	3	5
99.6744773222597	4.58926780151342	0.118256261936414	89.4220634077392	96.7671615052931	F	57	3	5
86.6430503567292	4.64532600593386	0.302381004985442	89.1929951044425	101.107595094176	F	57	3	5
93.9028210595149	5.23918405822904	0.203419220570566	102.550286586117	101.301913578303	F	57	3	5
97.1982750532467	4.35407428561032	0.06389856541773	91.8631530415169	124.042529191066	F	57	3	5
99.8497915535491	4.66624147241165	0.211642738765383	97.5104843723342	109.129772676766	F	56	3	5
97.6680295769427	5.28401042990064	0.400744501108525	98.0614433226617	117.398219209594	F	56	3	5
101.950757146974	2.51346965215635	0.147374037094853	106.657686110541	119.497694854701	F	56	3	5
80.3698920538755	5.2917191201792	0.368599056511299	91.0584865518783	113.134184543997	F	56	3	5
89.0869302675946	4.42522424093958	0.08934807378017	93.7366158010273	98.5165165920124	F	55	3	5
75.2651254506684	4.60993377200852	0.337794523885243	96.9056494454773	91.9558698339423	F	54	3	5
105.587135726894	4.87902832332748	0.239399911458693	82.7956870572826	117.72903809931	F	54	3	5
84.0245032694371	5.66858661763363	0.329863892347398	111.107660433156	115.849454529419	F	53	3	5
90.4813279364059	4.40057121949853	0.200951372829825	108.968484113835	119.081636274301	F	52	3	5
97.8062759557991	6.33310560967824	0.327541000153001	81.9408989316733	118.423979116018	F	52	3	5
102.648561323513	5.13720299480081	0.317340215073523	101.431357351731	110.885182347311	F	51	3	5
106.669045221227	5.90827667598863	0.03806341572256	105.48843584003	130.770357998628	F	51	3	5
114.79176749186	5.85986049347891	0.338855631413418	89.7262200722431	111.503995062521	F	51	3	5
88.4874149095117	5.7233903049222	0.384450571802672	101.431267879909	136.562003871546	F	49	3	5
102.357782689954	4.34620761184381	0.256162600225692	97.5081368071186	117.690874895975	F	49	3	5
86.3904317667635	6.58159783208641	0.459993981264389	89.6999694974673	99.1332718447642	F	43	3	5
98.209488104494	4.79587170467622	0.125920828468295	86.751344459897	108.43351376217	F	71	3	5
91.0474847861735	5.19327604871808	0.303596000621663	103.004224059563	110.724960862917	F	69	3	5
89.4815877272869	4.64427475066998	0.333807679623781	89.1156287074134	83.187422146935	F	68	4	5
93.4786502223193	4.88284880368805	0.271970667161799	114.246439103754	92.002751120735	F	65	4	5
95.1995902584647	4.9464843795254	0.210714337077813	91.265290467796	108.57557931654	F	64	4	5
97.4143458716769	5.46278138094066	0.370344140080072	84.0069517801965	123.293865117376	F	63	4	5
102.718795435097	5.42592155059572	0.243653088193393	94.6686935535956	85.3241250449698	F	62	4	5
89.4281881710187	7.28863367786644	0.323895299401576	96.5322387461393	116.326170526236	F	60	4	5
91.8252932673961	6.25679455540124	0.201712518700478	110.836272967252	106.48336298297	F	59	4	5
96.9030878698832	6.14357706674244	0.21329446117357	88.1069379164547	117.582979094874	F	57	4	5
78.9574863450749	5.6848247410949	0.299983923078186	90.5679838927346	107.560204521787	F	53	4	5
105.713919380422	4.22532048136332	0.316566362326323	110.360452888007	109.75019680527	F	72	4	5
102.217581102629	5.34016884490547	0.283933699938323	85.84021614087	95.2868393756707	F	68	4	5
93.5419932889385	5.27104708965133	0.202089663740493	93.3639989772022	96.6151881820604	F	68	5	5
109.810537839151	5.11733208250688	0.369953091300785	103.627524409913	110.347358258099	F	40	5	5
109.16651482006	5.90266470005619	0.307111868207711	121.652455476474	116.070563778695	F	40	6	5
37.7979168343316	6.76112443384139	0.762221082129546	39.6264312941905	128.261124433841	M	41	3	6
23.2748785664917	6.40669187023172	0.893328172992958	36.5324818287349	127.906691870232	M	41	3	6
42.0882463037816	7.05135111108356	0.72041637130259	46.6904259502675	128.551351111084	M	42	3	6
48.3257423291211	6.48020083480239	0.644854837375719	57.8955667528093	127.980200834802	M	42	3	6
40.772433767068	5.0610677138508	0.720966178151149	25.5915038422838	126.561067713851	M	43	3	6
32.1711607901453	8.61503291402937	0.804858901882549	64.5683955310182	130.115032914029	M	43	3	6
28.6482905782616	7.36076554906908	0.842141515866964	59.9099355934088	128.860765549069	M	44	3	6
43.3005978334615	8.08197965355605	0.682107248275805	53.1135835960194	129.581979653556	M	44	3	6
34.4192954011718	8.36076185860647	0.783364325793343	58.9078014238529	129.860761858606	M	45	3	6
36.4188451686936	8.96227376635884	0.76795221450864	60.0843379949017	130.462273766359	M	45	3	6
46.3941932019688	8.26915188295027	0.68193649352282	29.4107291578911	129.76915188295	M	46	3	6
35.9898305396988	7.34856476689686	0.7713404368633	41.9454210721075	128.848564766897	M	46	3	6
49.436571359317	8.71843976978935	0.658760208377717	56.7414069696222	130.218439769789	M	47	3	6
42.4618134352886	8.66736542820898	0.706964656087567	51.5823408254099	130.167365428209	M	47	3	6
34.3174914462002	8.5431581509667	0.794288255807367	37.5366814777356	130.043158150967	M	47	3	6
41.0700074513444	9.93990215542497	0.719665537633813	51.9733003107115	131.439902155425	M	48	3	6
37.982004770295	7.19263408474118	0.766175221518776	56.449677813617	128.692634084741	M	48	3	6
48.2927740344944	5.36261242225406	0.653149354639416	59.7195640627075	126.862612422254	M	48	3	6
51.0863917778387	6.09669124720845	0.626656119940702	65.4294457063945	127.596691247208	M	48	3	6
43.997993206486	7.62453716085578	0.696710955107099	50.0017411134625	129.124537160856	M	43	3	6
33.2476974765853	7.34224926433256	0.797990581732492	60.025064325727	128.842249264333	M	44	3	6
30.9544676310061	7.64334082866267	0.807556672262709	30.1603653722916	129.143340828663	M	44	4	6
45.6203282847327	6.74265524940157	0.699982805887674	61.243087240026	128.242655249402	M	45	4	6
41.4441787864712	5.66879002446733	0.731634907251304	21.9565971334275	127.168790024467	M	45	4	6
32.0811392617	6.33420213161803	0.795165538414486	73.3536928156735	127.834202131618	M	45	4	6
47.4261096154078	5.41361098950652	0.662768303573457	60.5339378349878	126.913610989507	M	47	4	6
45.5962639821992	6.73878366981133	0.681939417326327	47.681314919304	128.238783669811	M	47	4	6
27.2500431188438	4.22764973781416	0.850084719208816	77.7445149984533	125.727649737814	M	40	4	6
50.3325980513619	7.72942066915635	0.637808421086941	66.301700321639	129.229420669156	M	40	4	6
35.8390038756303	6.75082966984605	0.77862368944725	73.081618583318	128.250829669846	M	43	5	6
23.6574627566409	5.94145330283505	0.894906348258467	49.4687059949287	127.441453302835	M	44	5	6
36.5119979275462	9.66505779372103	0.748617715965692	56.9730129950914	131.165057793721	M	45	5	6
43.5585742700202	6.6547252689998	0.696971684390661	58.4395891319958	128.154725269	M	45	5	6
56.4516005551693	7.56324450936574	0.581181285757462	64.184384044656	129.063244509366	M	45	5	6
15.4806119043382	5.56800824251177	0.947805805336339	57.1505347855516	127.068008242512	M	46	5	6
46.198306278483	6.0395898828147	0.678740340691094	51.7578919327899	127.539589882815	M	46	5	6
53.0083493283223	6.25009062574757	0.619152576443215	73.5364142790262	127.750090625748	M	46	5	6
40.8552334035206	7.18081774434892	0.731028614511178	29.8470483486473	128.680817744349	M	46	5	6
43.1736317229583	6.14795675405987	0.709090063452941	56.470244585339	127.64795675406	M	43	5	6
26.6513189301155	7.61757583317557	0.854637618991761	36.7900363670492	129.117575833176	M	44	5	6
36.8669230997678	6.00413516546415	0.745407309603184	66.2416238518038	127.504135165464	M	46	6	6
52.9385825741961	7.74752357352734	0.621875067970571	54.2509281675069	129.247523573527	M	50	6	6
29.2707061574068	7.04061242296834	0.824897285267764	60.3957181211501	128.540612422968	M	50	6	6
82.0648333052175	5.59104611921676	0.108171749756075	84.4003869690998	119.006603845763	F	50	3	6
95.1936619146346	5.4674202617935	0.138620861609879	115.706643096351	106.288650795352	F	50	3	6
101.636335977721	7.17148458905453	0.122025459430236	111.027993679938	113.84560407207	F	55	3	6
104.420587384742	4.42213218165466	0.320316045067676	97.0323484270351	103.35545505966	F	55	3	6
114.875567381621	4.61587756970949	0.319470828041715	109.612341090742	115.166375132605	F	55	3	6
118.274252567625	4.22042894341705	0.236853928213912	89.0005407382641	99.6408310038305	F	55	3	6
106.249231339251	5.26931114051986	0.242920076523921	107.356761392944	117.300431713339	F	48	3	6
96.7537160074619	5.29761198323122	0.185809632944828	106.296144942571	106.299046383445	F	48	3	6
113.766004409477	6.37654577318335	0.217763086534449	104.636917190313	108.913031499512	F	48	4	6
103.940458884053	5.41634660778005	0.24540472041301	104.915498709053	120.692363207199	F	50	4	6
111.382682129953	5.44468791648798	0.415153943720211	101.709322459068	108.660375344451	F	50	4	6
88.407360734172	4.95354889654922	0.158266201825011	104.723462038863	113.455694153111	F	50	4	6
99.1666420527221	2.88836210794125	0.189500368088453	96.7157687137228	98.6257406454995	F	50	4	6
87.6582325101294	4.78285001075714	0.277818289628409	115.48751480349	107.708114897438	F	51	4	6
103.766781413629	4.04620618613526	0.136027827183889	102.98454815433	116.095592926064	F	51	4	6
89.4109773144183	4.85327205471802	0.242413765646819	100.989695614214	93.8915810826676	F	51	4	6
81.363203197769	5.72993735031021	0.359956815833558	102.162938465924	98.5972117518909	F	51	4	6
80.86666126295	4.9106662393447	0.337375889594644	117.530037505832	90.1644815887985	F	52	4	6
91.9202250888754	5.71267037403855	0.24359266777781	99.398686121062	108.214729529509	F	52	4	6
82.4382391642503	5.36690350549347	0.3175597895972	104.486037445732	100.080724604704	F	52	4	6
82.448053803211	6.01362722914267	0.328677340308765	101.544962311817	105.513184099416	F	52	4	6
92.9314006022169	3.02901875796031	0.223935222381836	97.6824430049253	122.852069607478	F	53	4	6
96.397970710326	4.80383694490647	0.183715745091607	93.1152777874816	106.403142259278	F	53	4	6
101.113613307985	3.79085526689304	0.153704604472995	93.7982292804202	121.524148558618	F	53	4	6
73.852667996121	5.62458792954777	0.408906511618602	98.9510307132981	104.115249185007	F	55	4	6
80.2497904812736	5.96541960304538	0.345205289887334	99.638945315235	103.131144113301	F	55	4	6
106.776527623407	5.1372572105864	0.115157873849644	103.000395842531	99.2005858426887	F	55	4	6
75.6035623630847	5.80909712929192	0.373258095809994	113.418775834007	106.1693604165	F	55	4	6
93.7580749458943	5.71012594682323	0.217225104836687	87.8330221173902	83.7129402074062	F	47	4	6
89.6652395213105	5.00889122296089	0.267978942154561	85.1738240382802	95.0754477317084	F	47	4	6
89.7396402446826	4.70702161512354	0.264602524572956	96.0320166091236	95.3562892431593	F	47	5	6
73.6195558773856	4.74379252063881	0.390284268986489	87.7891757812115	105.842433607961	F	48	5	6
88.6642011688153	2.92282137102152	0.272209588653344	111.707808963943	100.990435347096	F	48	5	6
89.5680254276792	4.79924198779528	0.270139325259152	96.3646315919167	105.757138996748	F	48	5	6
85.3723734851527	5.08054381417369	0.313005756925895	81.7658186594342	94.6219832340367	F	50	5	6
81.6271877464587	5.23102193511323	0.323741592632533	86.7687066074767	101.772923128471	F	50	5	6
92.2915301759769	5.30947139366614	0.240511569784798	88.1954903848824	110.968011215054	F	50	5	6
86.9042204409037	5.0463509706323	0.290502595198469	95.8253751315699	121.812537703632	F	50	5	6
91.4422396770316	3.98915723808066	0.244005611053687	97.9253336997475	103.588837491086	F	52	5	6
77.2080214446825	5.96252792109541	0.400767760163746	111.422627482371	103.035328197523	F	52	5	6
95.7199334757872	4.74431861616148	0.223261747010196	114.727326431774	111.64438623997	F	52	5	6
84.8383491021977	6.0137780250663	0.316945878362811	87.9888546393154	95.056155542767	F	52	5	6
81.0072980231957	2.76417633984545	0.342424771975452	110.098485501597	95.5360212885118	F	53	5	6
85.1965679220046	3.2109733849336	0.297783642415295	94.5262391835398	102.780289342993	F	53	5	6
91.1363338831187	4.11709615887532	0.254199778764079	111.964548300317	117.108463533578	F	53	5	6
76.4156647952663	4.65031112872477	0.388719912158722	102.337372340679	77.6983320132771	F	55	5	6
77.4239348275164	4.46073841803328	0.363550790004489	105.965371454939	111.782029759525	F	55	5	6
97.359303911084	8.08747361375399	0.188207310805658	103.200461884463	107.452987083789	F	47	5	6
87.9381291032338	6.44263796466566	0.272898379419657	95.8223836175675	101.92080658962	F	47	5	6
69.5294057656293	5.87190867581183	0.429599948194862	87.0649354853385	100.743148841189	F	47	6	6
103.453312789297	5.69137928391073	0.124261785318472	92.7315151765941	95.4115840279745	F	48	6	6
100.842095299257	3.96228145636067	0.161269161507658	86.8597453250199	111.083748471459	F	48	6	6
87.8933671190791	6.00094052635818	0.273162640382339	91.3578363620836	94.1877719347638	F	48	6	6
95.9925393877708	4.86468326480664	0.201750431539649	96.8326448440174	82.3947916187098	F	48	6	6
98.4296661353126	6.36162320399388	0.181459876431025	99.1740480615463	101.633658113216	F	51	6	6
92.2611199270171	5.77565874808657	0.238462471363073	95.4982088804598	85.7259333738075	F	51	6	6
92.0156022319932	5.3274402731934	0.245635929517586	109.326467379116	108.633223267429	F	51	6	6
90.4195233511686	6.11647561948377	0.23822875035374	77.1872291934818	95.5838262175729	F	51	6	6
79.3141262437735	5.94371524364747	0.343426514498069	86.4875980542546	84.6871169572099	F	53	6	6
83.6877314928825	4.05504925229685	0.302933735414936	100.022041127243	109.320232039513	F	53	6	6
98.4547708424823	4.99315019545529	0.178218404291488	91.2748938429709	97.1690735367545	F	53	6	6
82.4097606668437	6.11747019042179	0.318694714760372	79.5209833524078	95.2974046279349	F	62	6	6
88.0466646968276	4.59698255170343	0.273074030054179	90.1066571249016	96.9676408025969	F	62	6	6
90.5603491034685	5.59627821527482	0.246550802309874	102.383739504621	100.853150661351	F	47	6	6
91.9210611431724	4.64731486167725	0.220429455315319	96.1616210982505	94.573240331232	F	47	6	6
79.243279995058	7.18926860357528	0.370084980685104	88.7948169530792	76.4669923271734	F	56	7	6
97.2193715279106	4.65240545076296	0.200649417458409	77.0375744120938	90.1570241620905	F	56	7	6
94.5008475897522	4.03906837148132	0.231631334074686	102.782715934833	79.8869355598179	F	56	7	6
83.0400940348538	6.49802785816314	0.331242980267866	80.4908386174675	84.1013238640431	F	57	7	6
91.6641055436661	3.57678414168221	0.236346987455767	93.3233687308978	86.3170150228683	F	57	7	6
80.1289985428688	5.91984041395137	0.345176487396271	78.8882800977287	84.416748320436	F	57	7	6
89.3614119298016	4.18550487956891	0.254937809697661	106.26172051418	95.7776470209118	F	60	7	6
110.214842012188	5.47299175224222	0.07641209831968	91.0544063667117	74.9019789258792	F	60	7	6
109.041260885223	4.41839182214445	0.09560802388776	95.0972486332603	92.0389492156221	F	60	7	6
90.486908377565	6.04459589819216	0.248862846185709	99.4368754776122	104.77110622268	F	53	7	6
110.752023518627	5.62292002788896	0.069167356265	90.6154570688953	85.6007792356989	F	53	7	6
74.0995228542203	6.27536591253519	0.418239551974416	96.3154394335167	103.134875305474	F	53	8	6
94.4149994650928	3.50802812072669	0.218797810686316	86.7797912187548	80.75228031323	F	57	8	6
87.6731137158357	5.86594087843426	0.278730927639106	55.8562119839745	71.7831670486515	F	58	8	6
91.6615285716488	6.22137720256889	0.242287704004122	84.9351550926998	102.192273152664	F	49	10	6
83.3090759253721	4.47052267631933	0.321066933198756	103.111611628862	96.7640450649195	F	48.8	10	6
40.2746106165235	7.60913692562367	0.732596523792654	47.8925345380657	129.109136925624	M	49.5	11	7
50.9971135122917	7.32570157448209	0.633139621177413	21.1724622388949	128.825701574482	M	49.7	11	7
47.4519430149763	5.06555137958381	0.665875147985348	55.571686662142	126.565551379584	M	51.1	11	7
37.7301098098746	6.57992937441738	0.744263772185007	34.4881720136913	128.079929374417	M	50	11	7
47.4602072034689	6.97686521016124	0.655584101511222	49.4528799739354	128.476865210161	M	49.9	11	7
44.4502319322066	7.10491526297165	0.661163322630052	57.5638105967992	128.604915262972	M	49.2	12	7
53.2507277307872	7.34996804697172	0.640376130460928	35.0267534834766	128.849968046972	M	51.6	12	7
28.9645255097357	5.37732086167848	0.837907363621639	56.4391278891407	126.877320861678	M	50.6	12	7
55.0147975336358	8.2485659785076	0.594810211646854	26.2459602611366	129.748565978508	M	49.9	12	7
50.1127113977329	8.2638718453801	0.656402945380681	56.7485067700103	129.76387184538	M	51.2	13	7
45.5247441265469	7.01087472907861	0.678155623254012	21.4612399496951	128.510874729079	M	50.5	13	7
52.7578937770883	7.69432032013439	0.621100283768288	31.4374937624559	129.194320320134	M	50.6	13	7
63.7725760315535	7.72098218484371	0.515851981298363	40.0219813372949	129.220982184844	M	51.3	14	7
31.709755661973	7.09769543655181	0.806028886291623	54.8551309284816	128.597695436552	M	49.9	14	7
37.4544525389077	8.10702932862694	0.758961555578373	62.0683496916218	129.607029328627	M	50.5	14	7
37.4261214485997	5.28120978552516	0.758278622791952	43.7100918589304	126.781209785525	M	51.6	15	7
42.2389344236365	6.62243449344058	0.734099786451041	51.3201621812869	128.122434493441	M	51.6	16	7
42.2183448554042	6.57142520386282	0.725100003223608	48.5029922129429	128.071425203863	M	52.8	16	7
56.8337511851298	7.30821055053788	0.577948950102504	34.797909814033	128.808210550538	M	56.8	17	7
49.1049368427044	8.17748525966434	0.644427847207488	39.5372895485707	129.677485259664	M	57.3	20	7
113.920066087052	6.05631855583299	0.03957658552108	85.4710051927008	85.2684201815087	F	56.7	9	7
77.1746929941791	6.3704150550847	0.370047464388237	77.7077876036505	66.2093133784695	F	57.6	10	7
85.9951551436007	6.08942179413392	0.309740606630376	88.195662729011	68.8334511341294	F	58.3	10	7
85.7754926526624	5.4776145244607	0.289537160205028	90.5371175532006	76.4883747459869	F	57.8	10	7
59.04015747826	5.50790292449739	0.558197770742742	81.6332592914821	70.0735267442396	F	58.2	11	7
68.0574776584642	4.65238366503461	0.459503572372579	68.3639035248267	80.6197097518274	F	57.1	11	7
68.4433510189235	4.6541133635454	0.470684482184138	73.3755639751963	79.2453102604275	F	57.6	11	7
60.5829308631694	4.54273538423332	0.53886749935764	91.0396660426563	89.1629785965325	F	57.9	11	7
62.9506713254389	5.45480793346958	0.525895212244491	100.48888070957	66.3820951892037	F	59.8	11	7
76.664756016298	5.09447857625039	0.363939190177502	72.9616756338037	46.8818404339997	F	58.6	12	7
63.154953497037	4.08505203660708	0.505384744999237	79.679899176324	65.46948722153	F	57.1	12	7
62.4876969545264	6.26978424498704	0.51062318108236	69.2859749420176	55.5393930615417	F	58.9	12	7
59.726596441837	2.95568708347671	0.540000822241031	59.2392517662279	78.4634162981111	F	59.5	13	7
65.3737832215419	4.31490077792954	0.476746001042632	91.8217760197704	67.8920883352338	F	58.4	13	7
64.3948114228835	6.02771447665781	0.498989936721157	89.8185447848296	55.2751251132814	F	58.1	13	7
68.6178588519502	4.9488404873402	0.454807293048261	73.4931941010888	59.4589069572724	F	58.9	14	7
52.5023525394974	4.14429638745328	0.607490979583023	72.6330769330406	59.2466802657079	F	59.2	14	7
56.9413835989113	4.59936553591314	0.56308349151797	41.4525413055769	63.3316166434401	F	59.6	14	7
77.739033647965	4.6173996727674	0.364561098230771	78.5748704399586	57.6361087415647	F	58.4	14	7
63.7901293786147	5.12560077815579	0.493370852212465	58.2409935131996	57.3938777754368	F	59.4	15	7
54.1144193491809	4.25718451230352	0.618682829904015	51.6134526419409	45.7694355441893	F	60.2	15	7
74.5833483750081	4.10476112104085	0.407841554214666	60.3957850731316	53.5713368950317	F	57.8	16	7
63.7134663719263	6.02594797719262	0.481836880310822	71.8369663039501	32.7311322610029	F	59.7	16	7
78.1615931541703	6.49348371366693	0.371371251256779	53.8969755867218	52.6458375819467	F	63	17	7
58.4751274011553	6.54986285971783	0.534911419524924	61.0555187166341	19.973506932556	F	70	19	7
49.9202827162567	6.28722413147395	0.634859396468497	41.0958830190358	127.787224131474	M	61	3	8
53.9983907430254	8.23197587108963	0.602972929896138	52.3257939854773	129.73197587109	M	57	3	8
58.1492144148773	7.53934758751805	0.54981194915795	63.0433458310462	129.039347587518	M	70	3	8
50.3811052706704	5.65338045072089	0.633747836838177	42.0844739930127	127.153380450721	M	59	3	8
52.8319144565762	6.25923426298049	0.624725935696618	40.3379809610935	127.75923426298	M	62	4	8
61.9382744943296	6.88739679870091	0.511996147194946	52.5746187501305	128.387396798701	M	77	4	8
58.2014387795793	7.18083083428402	0.56391735063437	41.7774085695876	128.680830834284	M	65	4	8
46.8605961916308	7.67912629549329	0.661544071578011	28.2804588317811	129.179126295493	M	67	4	8
56.0973060674841	7.36880969928246	0.606103430214843	60.5438621349355	128.868809699282	M	70	5	8
79.9209519647113	7.87867876582895	0.377933738006225	73.554781644867	129.378678765829	M	76	5	8
67.9913823606377	6.35870260488163	0.481537467582957	40.5180157090667	127.858702604882	M	78	5	8
43.296710424116	7.58432474706845	0.695533196224376	40.1232950190138	129.084324747068	M	67	5	8
61.8865064826675	7.5663715757038	0.516992081228256	25.8656392317256	129.066371575704	M	65	5	8
53.8653353411609	5.64221080494107	0.608822247823555	55.8414664306511	127.142210804941	M	68	5	8
54.3018375193728	6.08547877501392	0.616354565570344	68.3763810148427	127.585478775014	M	66	5	8
72.3166739257277	6.87988058603281	0.426797323811525	49.6433911785727	128.379880586033	M	77	6	8
59.1910403438311	7.05898237954642	0.556147833162292	47.6106949439608	128.558982379546	M	74	6	8
53.6471874948648	6.74546436884367	0.593358230812141	43.6058117856696	128.245464368844	M	70	6	8
59.9987430503404	8.76586450055265	0.542800696830214	89.5894753893381	130.265864500553	M	68	6	8
55.2858766461567	7.61892679585329	0.582215243450855	37.1844895844936	129.118926795853	M	71	6	8
44.6595081831659	8.21089102092494	0.678899763300674	59.6861673094891	129.710891020925	M	69	6	8
62.5279654056006	7.18303060098514	0.523105099958098	47.2673875919157	128.683030600985	M	75	6	8
68.5972001240953	6.79293670227413	0.457455688466634	37.5084939510922	128.292936702274	M	71	6	8
56.8394254612859	6.85333904435407	0.567282841291089	48.7594328987622	128.353339044354	M	75	6	8
46.3666573908207	5.41039005706285	0.674526998405061	42.9150787336124	126.910390057063	M	71	6	8
54.9357659556487	4.2312584502605	0.613183232220601	48.9501012730384	125.73125845026	M	70	6	8
57.4668844043084	9.57517887804861	0.577814071736903	37.4735125093749	131.075178878049	M	70	7	8
65.0236962435812	7.09581710093646	0.496128376783666	57.228472059999	128.595817100936	M	72	7	8
60.4061730984919	6.91548672725528	0.532485611785724	35.2463505830364	128.415486727255	M	73	7	8
75.3205318500181	6.38138434759118	0.410622757592951	64.8907046935282	127.881384347591	M	74	7	8
55.3316109083537	7.47398893167086	0.593306212213032	30.4893947815081	128.973988931671	M	62	7	8
76.4190027182002	7.59242201133887	0.399467169130124	55.7409782162771	129.092422011339	M	76	8	8
55.8682139722656	5.96175221551647	0.580180976430265	91.8708367919483	107.63906164112	F	75	4	8
58.810224112952	4.38502022780546	0.560816423504236	88.8172699889785	91.3953979406974	F	72	5	8
53.5311017291674	6.93457331651393	0.582879632392245	103.59998057227	102.821306392098	F	73	5	8
57.8911152226545	4.47474269880066	0.578750521862071	90.3176977844569	101.512146531341	F	70	5	8
46.6154501525315	5.40306407409005	0.671093865900626	96.1816176593514	98.3660540111598	F	70	5	8
48.2485514403077	4.28272077397532	0.660873920582768	101.585182022958	87.8163861240649	F	79	5	8
76.1317103919081	4.13478493908974	0.382799175924776	100.337481715091	86.1107399354408	F	79	5	8
79.9408499128446	4.62380208715202	0.35262331663387	100.265310838383	99.4156830958002	F	80	6	8
71.9783015177686	6.31081402935696	0.421997969748448	94.0464113007791	83.9297676162793	F	78	6	8
84.5457606357601	5.69948072294314	0.295425871326171	94.4979256446256	86.2168157625901	F	82	6	8
65.7297244730353	5.7424240765045	0.46950308037627	103.072254983683	100.424198094861	F	77	6	8
86.1295516769301	6.94635997047279	0.299541528558365	92.5382982910703	96.5211442743597	F	84	6	8
73.8815207749693	5.17868528772344	0.402761954284681	90.6993315847563	83.9955205990559	F	87	7	8
71.4586888443097	4.68641042212195	0.427300405049833	81.8496055979979	85.1499865481969	F	70	7	8
64.7610604437079	3.70001653018489	0.489375634621518	103.355409242189	72.141534486392	F	87	8	8
73.4425388222474	6.47519389247173	0.411337592425297	81.0443051391126	70.1748314998894	F	70	8	8
