"PLOT"	"X5_min"	"X10_min"	"X15_min"	"obs"	"total"	"PROPFOR"	"PROPNATFOR"	"SHA500"	"VEGH"	"altitude"	"hour_decimal"	"observer"	"region"	"zone"	"X"	"Y"
1	0	0	0	0	0	0.0206264323911383	0	0.100467166	8	210	10	"JM"	"Plain"	"Eyrewell_West"	2445450	5758900
4	0	0	0	0	0	0.626766840697823	0	0.660654027	4	231	9.17	"JM"	"Plain"	"Eyrewell_West"	2441572	5757871
5	0	0	0	0	0	0.592715231788079	0	0.675855047	2	233	8.97	"SL"	"Plain"	"Eyrewell_West"	2441459	5757147
8	0	0	0	0	0	0.214285714285714	0	0.578864828	8	214	7.25	"EB_LB_SL_JM"	"Plain"	"Eyrewell_West"	2444723	5757951
9	0	0	0	0	0	0.48452820578123	0	1.048333629	8	184	8.5	"MD"	"Plain"	"Eyrewell_Centre_Wes"	2448228	5756261
10	0	0	0	0	0	0.4793683138054	0	0.692295606	8	184	7.68	"SL"	"Plain"	"Eyrewell_Centre_Wes"	2447991	5755039
11	0	0	0	0	0	0.656608097784568	0	0.705356356	15	206	10.58	"MD"	"Plain"	"Eyrewell_West"	2444901	5754453
12	0	0	0	0	0	0.48643830383293	0	1.011613564	15	205	7.95	"SL_JM"	"Plain"	"Eyrewell_West"	2445467	5757617
13	0	0	0	0	0	0.374554253693327	0	1.050820064	4	188	8.75	"JM"	"Plain"	"Eyrewell_West"	2447719	5754191
14	0	0	0	0	0	0.771610439210694	0	0.684722743	15	205	8.43	"SL_JM"	"Plain"	"Eyrewell_West"	2445029	5756589
15	0	0	0	0	0	0.872278110276328	0	0.449705852	25	207	8.95	"SL_JM"	"Plain"	"Eyrewell_West"	2444869	5755667
16	0	0	0	0	0	0.270597223990832	0	1.089059033	25	194	8	"LB_EB"	"Plain"	"Eyrewell_West"	2447116	5757187
17	0	0	0	0	0	0.438487009679063	0	0.685560278	15	195	8.42	"LB_EB"	"Plain"	"Eyrewell_West"	2446421	5756259
18	0	0	0	0	0	0.575757575757576	0	0.681624434	25	194	7.67	"MD"	"Plain"	"Eyrewell_West"	2446886	5755549
19	0	0	0	0	0	1	0	0	0	204	8.83	"LB_EB"	"Plain"	"Eyrewell_West"	2445291	5754949
20	0	0	0	0	0	0.69460010188487	0	0.814608549	15	200	9.67	"MD"	"Plain"	"Eyrewell_West"	2446060	5754263
21	0	0	0	0	0	0.321023812555711	0	1.096788575	4	180	7.97	"JM"	"Plain"	"Eyrewell_Centre_Wes"	2448731	5753790
51	0	0	0	0	0	0.982413661271824	0.626929562848618	0.737443342	25	442	9.67	"MD"	"Foot_hills"	"Rockwood"	2410171	5746302
52	0	0	0	0	0	1	0.55842997323818	0.68630343	25	458	8.25	"MD"	"Foot_hills"	"Rockwood"	2409948	5746369
53	0	0	0	0	0	0.985222929936306	0.739979312128265	0.641558082	15	487	9.75	"LB"	"Foot_hills"	"Rockwood"	2409588	5746502
54	0	0	0	0	0	0.996943453897096	0.5947879407256	0.693755791	15	459	9.08	"LB"	"Foot_hills"	"Rockwood"	2409821	5746457
57	0	0	0	0	0	0.9214112851866	0.4341996129389	0.90598051	15	486	10.92	"SL"	"Foot_hills"	"Rockwood"	2410046	5745987
58	0	0	0	0	0	0.665520315883327	0	0.637305803	25	393	10.42	"DH"	"Foot_hills"	"Rockwood"	2409597	5745204
59	0	0	0	0	0	0.792839852210473	0	0.510169691	15	443	10.37	"SL"	"Foot_hills"	"Rockwood"	2408984	5745202
60	0	0	0	0	0	0.852012226184412	0	0.419202741	15	452	10.47	"JM"	"Foot_hills"	"Rockwood"	2408605	5745136
61	0	0	0	0	0	0.607411180440596	0	0.669892023	25	419	9.92	"DH"	"Foot_hills"	"Rockwood"	2408226	5744815
62	0	0	0	0	0	0.857924888605983	0.131473512390562	0.832400795	8	609	9.25	"JM"	"Foot_hills"	"Rockwood"	2408156	5745841
73	0	0	0	0	0	0.87347250509165	0	0.3797319	15	114	11.83	"JM"	"Banks"	"McQueens_Pass"	2483039	5723945
74	0	0	0	0	0	1	0.101999235960779	0.329453669	8	109	10.75	"JM"	"Banks"	"McQueens_Pass"	2483651	5723965
75	0	0	0	0	0	0.749682176455632	0	0.56268404	8	207	8.62	"JM"	"Banks"	"McQueens_Pass"	2482804	5723555
76	0	0	0	0	0	1	0	0	15	170	10.45	"SL"	"Banks"	"McQueens_Pass"	2483753	5723404
77	0	0	0	0	0	0.875990795193045	0	0.374837665	15	293	10.08	"SL_JM"	"Banks"	"McQueens_Pass"	2483980	5722740
78	0	0	0	0	0	0.813744135919868	0	0.480748154	25	161	8.45	"MD"	"Banks"	"McQueens_Pass"	2482095	5723159
79	0	0	0	0	0	0.547267650578381	0.0925655976676385	1.238669094	25	434	11.35	"DH"	"Banks"	"Port_Hills_Centre"	2479447	5728699
81	0	0	0	0	0	0.999490380940247	0	0.004373343	8	229	9.33	"JM"	"Banks"	"McQueens_Pass"	2483462	5722841
85	0	0	0	0	0	0.409802673456397	1	0.926841844	8	371	9.25	"MD"	"Banks"	"Mt_Herbert"	2489055	5722512
87	0	0	0	0	0	0.046787353391127	1	0.740962399	8	326	8.83	"MD"	"Banks"	"Mt_Herbert"	2488742	5722246
88	0	0	0	0	0	0.00918016065281142	0	0.85442971	8	216	7.6	"JM"	"Banks"	"Mt_Herbert"	2488598	5721671
89	0	0	0	0	0	0.0999745287824758	1	1.244441303	4	349	8.17	"EB_MD"	"Banks"	"Mt_Herbert"	2487849	5722125
90	0	0	0	0	0	0.204446716074623	0.95	1.074449159	8	201	8.58	"SL"	"Banks"	"Mt_Herbert"	2489281	5721131
91	0	0	0	0	0	0.232104121475054	1	0.756979782	8	494	11.25	"DH"	"Banks"	"Prices_Valley"	2490442	5718826
92	0	0	0	0	0	0.284530034434383	1	0.845874635	4	410	10.08	"LB"	"Banks"	"Prices_Valley"	2490184	5718600
95	0	0	0	0	0	0.395165394402036	1	0.90155724	0	413	9.87	"EB"	"Banks"	"Prices_Valley"	2488322	5717889
96	0	0	0	0	0	0.376591951095262	1	0.862358881	4	354	11.08	"LB"	"Banks"	"Prices_Valley"	2489976	5718283
97	0	0	0	0	0	0.402910762160092	1	1.090133459	4	236	11.95	"DH"	"Banks"	"Prices_Valley"	2489447	5717827
98	0	0	0	0	0	0.31104020421187	1	1.218072161	4	213	7.92	"EB_LB_DH"	"Banks"	"Prices_Valley"	2488872	5717393
99	0	0	0	0	0	0.511063072227874	1	0.88473668	15	679	9	"MD"	"Banks"	"Mt_Sinclair"	2497157	5722091
100	0	0	0	0	0	0.542802547770701	1	0.740418783	15	710	8.67	"MD"	"Banks"	"Mt_Sinclair"	2497231	5722207
101	0	0	0	0	0	0.0630102040816327	1	0.678928616	4	430	10.57	"DH"	"Banks"	"Mt_Sinclair"	2495988	5720864
104	0	0	0	0	0	0.11104012266803	1	0.771152102	8	363	10.48	"SL"	"Banks"	"Mt_Sinclair"	2496141	5720698
105	0	0	0	0	0	0.67147231436591	0.29868896066882	1.261308203	15	283	11.48	"SL"	"Banks"	"Mt_Sinclair"	2496582	5720281
106	0	0	0	0	0	0.698647614187293	0.0394448502556611	0.728104166	8	206	10.27	"EB"	"Banks"	"Mt_Sinclair"	2496560	5719551
107	0	0	0	0	0	0.828575070099414	0.0886017535763729	0.706123337	15	368	11.63	"EB"	"Banks"	"Mt_Sinclair"	2496946	5719674
108	0	0	0	0	0	0.475639231649917	1	0.935247937	4	731	11.13	"JM"	"Banks"	"Mt_Sinclair"	2498839	5720814
109	1	0	0	1	2	0.293391060741118	1	0.669429409	8	708	9.6	"SL"	"Banks"	"Mt_Sinclair"	2498030	5721671
111	0	0	0	0	0	0.540292807129217	0.274269557021678	1.562959149	4	122	10.33	"JM"	"Banks"	"Pigeon_Bay"	2501679	5720358
112	0	0	0	0	0	0.385757806549886	0.193484698914116	1.331854284	25	109	7.9	"SL"	"Banks"	"Pigeon_Bay"	2502020	5720641
113	0	0	0	0	0	0.215506248406019	0.683431952662722	1.288070896	4	200	9.4	"SL"	"Banks"	"Pigeon_Bay"	2501310	5719883
114	0	1	0	1	1	0.778258105530833	0.0481947394216631	0.954114881	15	144	9.77	"JM"	"Banks"	"Pigeon_Bay"	2502021	5720136
115	0	0	0	0	0	0.460902733630006	0.0187586206896552	1.306193726	4	199	8.88	"JM"	"Banks"	"Pigeon_Bay"	2502642	5719875
116	0	0	0	0	0	0.420185114745784	0.0024140012070006	1.265586635	8	196	8.08	"JM"	"Banks"	"Pigeon_Bay"	2502664	5720095
117	0	0	0	0	0	0.130964597229348	0.306562193927522	1.084808026	4	236	7.5	"JM"	"Banks"	"Pigeon_Bay"	2503236	5720034
118	0	0	0	0	0	0	0	0.401873961	15	233	11.42	"LB"	"Banks"	"Okains_Bay"	2509336	5720533
120	0	0	0	0	0	0.064696892511462	1	0.239700212	4	261	11.27	"SL_JM"	"Banks"	"Okains_Bay"	2510242	5719300
122	0	0	0	0	0	0	0	0.424479193	8	197	11.55	"DH"	"Banks"	"Okains_Bay"	2509537	5720473
131	0	0	0	0	0	0.531162554057492	0.0316091954022989	1.063469169	25	90	8.15	"DH"	"Banks"	"Okuti_Valley"	2494237	5712626
133	1	1	1	3	4	0.301322818621216	0.0548754748839173	0.850117239	15	94	7.33	"JM"	"Banks"	"Okuti_Valley"	2492909	5712422
134	0	0	0	0	0	0.284966151488057	0.0372030479605558	0.98588735	8	207	10.47	"DH"	"Banks"	"Okuti_Valley"	2493344	5711214
135	0	1	1	2	4	0.0657659954116747	1	1.066676175	8	369	9.23	"SL"	"Banks"	"Okuti_Valley"	2494524	5711133
137	0	0	0	0	0	0.218089171974522	1	1.385422492	4	513	7.58	"MD"	"Banks"	"Okuti_Valley"	2494153	5710625
138	0	0	0	0	0	0.43562969565771	0.0184156679333528	1.425814941	8	187	10.58	"MD"	"Banks"	"Okuti_Valley"	2493755	5711673
139	0	0	0	0	0	0.483254807080097	0	0.692586273	4	209	7.17	"SL"	"Plain"	"Eyrewell_West"	2445971	5760273
140	0	0	0	0	0	0.55367375525277	0	0.687374319	4	205	7.37	"JM"	"Plain"	"Eyrewell_West"	2446337	5759807
141	0	0	0	0	0	0.469569646040234	0.0439262472885033	1.302012319	25	281	8.87	"DH"	"Banks"	"Port_Hills_Centre"	2478783	5728738
142	0	0	0	0	0	0.574102368220015	0.286538035041029	1.318938658	25	406	8.25	"DH"	"Banks"	"Port_Hills_Centre"	2479150	5728530
143	0	0	0	0	0	0.250636780438105	0	1.481704027	15	204	9.4	"DH"	"Banks"	"Port_Hills_Centre"	2478503	5728867
144	0	0	0	0	0	0.300241822578592	1	0.976079919	8	420	10.07	"SL_JM"	"Banks"	"Port_Hills_Centre"	2479366	5729825
145	0	0	0	0	0	0.482104190548975	0.996565389696169	1.042301784	15	322	6.42	"MD_LB_SL_JM"	"Banks"	"Port_Hills_North"	2481871	5733570
146	0	0	0	0	0	0.515603107884346	1	1.21715899	8	261	7.63	"SL_JM"	"Banks"	"Port_Hills_Centre"	2479098	5730755
147	0	0	0	0	0	0.674311926605505	0.921579743008314	1.135830426	8	312	8.1	"SL_JM"	"Banks"	"Port_Hills_Centre"	2479428	5730859
148	0	0	0	0	0	0.452183878772444	0.84877499295973	1.199936181	4	436	10.7	"SL"	"Banks"	"Port_Hills_Centre"	2479462	5731399
149	0	0	0	0	0	0.402566056910569	1	1.212073399	8	384	9.42	"SL_JM"	"Banks"	"Port_Hills_Centre"	2479809	5729936
151	0	0	0	0	0	0.384948427352604	1	1.23115861	8	358	7.05	"SL_JM"	"Banks"	"Port_Hills_Centre"	2479526	5730536
153	0	0	0	0	0	0.86533733952472	0	0.433726569	15	489	9.83	"SL"	"Foot_hills"	"Rockwood"	2407930	5745089
154	0	0	0	0	0	0.999490705373058	0	0.004370883	15	500	9.92	"JM"	"Foot_hills"	"Rockwood"	2408304	5745277
155	0	0	0	0	0	0.765350877192982	0	0.773749906	8	673	8.67	"DH"	"Foot_hills"	"Rockwood"	2407713	5745688
156	0	0	0	0	0	0.698879551820728	0	0.614740113	4	701	8.48	"SL"	"Foot_hills"	"Rockwood"	2407492	5746146
157	0	0	0	0	0	0.210620145167452	0	0.764352614	15	730	8.33	"JM"	"Foot_hills"	"Rockwood"	2406933	5746305
158	0	0	0	0	0	0.948152866242038	0.0382910116888352	0.357969015	15	481	9.33	"DH"	"Foot_hills"	"Rockwood"	2409371	5745723
159	1	0	0	1	1	0.818807339449541	0.606286959228136	1.050534761	15	424	7.58	"LB"	"Foot_hills"	"Rockwood"	2410419	5746410
160	0	1	1	2	1	0.918460950439547	0.59592176446109	0.902134164	25	434	7.67	"MD"	"Foot_hills"	"Rockwood"	2410296	5746410
162	0	0	0	0	0	0.924605196128375	0.191597796143251	0.719073981	15	576	9.17	"SL"	"Foot_hills"	"Rockwood"	2408812	5745769
163	0	0	0	0	0	1	0.565948770230661	0.684423302	15	440	8.25	"LB"	"Foot_hills"	"Rockwood"	2410071	5746455
164	0	0	0	0	0	0.703260315843097	0.195400217312568	0.955458432	15	400	11.08	"JM"	"Foot_hills"	"Rockwood"	2410068	5745673
165	0	0	0	0	0	0.92317492674226	0.870273254209219	0.627168451	25	553	10.42	"MD"	"Foot_hills"	"Rockwood"	2409387	5746496
166	0	0	0	0	0	0.985606929053624	0.653011113982941	0.711601183	15	460	8.92	"MD"	"Foot_hills"	"Rockwood"	2409675	5746425
167	0	0	0	0	0	0.826286296484972	0	0.514645635	4	759	7.67	"JM"	"Foot_hills"	"Rockwood"	2407469	5747021
191	0	0	0	0	0	0.201660280970626	0.274857504749842	0.918978663	25	159	6.92	"EB_MD"	"Banks"	"Mt_Herbert"	2487900	5720865
192	0	0	0	0	0	0.112708306831192	0.340857787810384	0.90183279	8	207	7.5	"EB_MD"	"Banks"	"Mt_Herbert"	2487835	5721349
194	0	0	0	0	0	0.0210808738980452	1	0.617053591	8	277	8.7	"JM"	"Banks"	"Mt_Herbert"	2488937	5722044
195	0	0	0	0	0	0.306289067483097	0.542274052478134	1.172379904	8	146	7.37	"SL"	"Banks"	"Mt_Herbert"	2488542	5720986
223	0	0	0	0	0	0.954423933800127	0	0.209489806	8	165	10.62	"SL"	"Plain"	"Eyrewell_Centre_Wes"	2450634	5754538
224	0	0	0	0	0	0.910816664543254	0	0.300644277	8	154	10.83	"JM"	"Plain"	"Eyrewell_Centre_Wes"	2452329	5754024
226	0	0	0	0	0	0.503948038716251	0	0.693116006	15	110	10.33	"SL"	"Plain"	"Eyrewell_Centre"	2458142	5752125
227	0	0	0	0	0	0.887460216422661	0	0.364902644	15	113	9.12	"DH"	"Plain"	"Eyrewell_Centre"	2458164	5754580
228	0	0	0	0	0	0.280840229153406	0.388485947416138	1.228594474	4	116	9	"SL"	"Plain"	"Eyrewell_Centre"	2457943	5755327
229	0	0	0	0	0	1	0	0	15	104	8.55	"DH"	"Plain"	"Eyrewell_East"	2459542	5754192
231	0	0	0	0	0	0.897021384928717	0	0.331578798	15	98	8.5	"SL"	"Plain"	"Eyrewell_East"	2460814	5754420
233	0	0	0	0	0	0.328409525022284	0	0.762706348	4	72	7.67	"SL"	"Plain"	"Eyrewell_East"	2464631	5754999
235	0	0	0	0	0	0.272808132147395	1	1.038815645	4	459	10.63	"DH"	"Banks"	"Prices_Valley"	2490148	5717944
236	0	0	0	0	0	0.158371618172537	1	1.028669245	4	463	9.88	"DH"	"Banks"	"Prices_Valley"	2489938	5717460
237	0	0	0	0	0	0.410510281797411	1	1.048736928	4	748	8.4	"SL"	"Banks"	"Mt_Sinclair"	2498324	5721181
241	0	0	0	0	0	0.00611464968152866	1	0.489483599	8	113	8.58	"LB"	"Banks"	"Okains_Bay"	2511003	5720633
250	0	0	0	0	0	0.359617834394904	0.0226709174636911	1.058969422	8	294	10.37	"SL"	"Banks"	"Okuti_Valley"	2493170	5711803
251	1	1	1	3	1	0.197957881301851	0.908446163765313	1.343957207	15	335	9.5	"MD"	"Banks"	"Okuti_Valley"	2493951	5711028
254	0	0	0	0	0	0.0330441439142638	1	1.080019272	4	343	8.67	"DH"	"Banks"	"Okuti_Valley"	2494897	5711477
255	0	0	0	0	0	0.0353001146935134	0.0036101083032491	1.181538468	8	227	7.75	"EB"	"Banks"	"Okuti_Valley"	2494992	5712143
256	0	0	0	0	0	0.350508905852417	0.043557168784029	1.399576577	35	203	7.57	"DH"	"Banks"	"Okuti_Valley"	2494694	5712503
257	1	1	1	3	2	0.453194462085609	0.0787556053811659	1.174313886	15	103	7.4	"SL"	"Banks"	"Okuti_Valley"	2494670	5712943
259	0	0	0	0	0	0.458121181262729	0.231731036399	1.190895537	4	491	10.12	"JM"	"Banks"	"Ellangowan"	2513047	5711706
262	0	0	0	0	0	0.111422030017807	0.930365296803653	1.317161241	8	360	10.5	"EB"	"Banks"	"Ellangowan"	2513887	5713705
263	0	0	0	0	0	0.437515907355561	0.33391506689936	1.354224701	15	609	7.98	"DH"	"Banks"	"Ellangowan"	2512890	5712023
265	0	0	0	0	0	0.321847881572231	0.657811260904044	1.254613165	15	634	9.7	"SL"	"Banks"	"Ellangowan"	2512202	5711825
266	0	0	0	0	0	0.377664974619289	0.30241935483871	1.179378768	8	427	12	"MD"	"Banks"	"Hinewai"	2513887	5710437
267	1	0	0	1	1	0.162823289591031	0.985915492957746	1.321156903	8	76	11.58	"SL_JM"	"Banks"	"Hinewai"	2513513	5708860
268	0	0	0	0	0	0.182049974502805	1	0.943080382	4	98	11.08	"SL_JM"	"Banks"	"Hinewai"	2513208	5709196
269	0	0	0	0	0	0.305721931948515	1	0.898471063	8	158	10.43	"SL_JM"	"Banks"	"Hinewai"	2512848	5709416
270	0	0	0	0	0	0.402212614445575	1	1.317661788	8	275	9.72	"SL_JM"	"Banks"	"Hinewai"	2512519	5710156
271	0	0	0	0	0	0.246912008149752	1	0.895083666	15	518	11.02	"DH"	"Banks"	"Hinewai"	2511828	5709042
280	0	0	0	0	0	1	0	0	4	151	8.5	"JM"	"Plain"	"Eyrewell_Centre_Wes"	2452078	5752266
282	0	0	0	0	0	0.702826585179526	0	0.612202863	25	130	7.5	"JM"	"Plain"	"Eyrewell_Centre"	2455830	5754632
283	0	0	0	0	0	1	0	0	25	132	7.8	"EB"	"Plain"	"Eyrewell_Centre"	2455391	5751344
284	0	0	0	0	0	1	0	0	15	141	8	"JM"	"Plain"	"Eyrewell_Centre"	2453934	5751798
285	0	0	0	0	0	1	0	0	1	146	8.33	"EB"	"Plain"	"Eyrewell_Centre_Wes"	2452959	5752022
286	0	0	0	0	0	0.571373997198523	0	1.073226274	2	88	10.97	"SL"	"Plain"	"Eyrewell_East"	2462509	5755212
287	0	0	0	0	0	0.524707080998472	0	1.105115406	4	85	7.12	"SL"	"Plain"	"Eyrewell_East"	2462660	5753859
289	0	0	0	0	0	0.660743749206752	0	0.64054092	8	177	8.4	"SL"	"Banks"	"McQueens_Pass"	2482511	5723371
290	0	0	0	0	0	0.434007891052565	0	0.725421787	15	187	8.3	"EB"	"Banks"	"McQueens_Pass"	2481436	5723305
293	0	0	0	0	0	0.959092646871416	0	0.170817122	15	263	10.53	"EB"	"Banks"	"McQueens_Pass"	2483362	5722586
294	0	0	0	0	0	0.835689721054643	0	0.533838015	8	328	11.73	"EB"	"Banks"	"McQueens_Pass"	2483511	5722233
295	0	0	0	0	0	0.998981281039093	0	0.008036368	8	236	9.05	"SL"	"Banks"	"McQueens_Pass"	2483147	5723196
296	0	0	0	0	0	0.753543608734517	0	0.5584085	15	106	11.25	"MD"	"Banks"	"McQueens_Pass"	2481818	5722838
298	0	0	0	0	0	0.948234094096647	0	0.20368238	8	161	8.92	"MD"	"Banks"	"McQueens_Pass"	2482085	5722892
299	0	0	0	0	0	0.223478592300851	0	0.872283864	8	37	10.08	"MD"	"Banks"	"McQueens_Pass"	2481627	5721714
301	0	0	0	0	0	0.962797808638043	0.723038242688898	0.727057588	15	477	10.42	"LB"	"Foot_hills"	"Rockwood"	2409472	5746365
308	0	0	0	0	0	0.51368555060471	0.898884758364312	0.861018187	4	215	11.25	"LB_SL"	"Banks"	"Port_Hills_North"	2481652	5733114
309	0	0	0	0	0	0.343562969565771	0.163454410674574	1.004104269	25	293	9.78	"MD_JM"	"Banks"	"Port_Hills_North"	2481495	5734437
310	0	0	0	0	0	0.0598478008512834	0.224137931034483	0.403311012	4	305	8.67	"MD_JM"	"Banks"	"Port_Hills_North"	2482266	5734516
312	0	0	0	0	0	0.49560677448109	0.834275436793422	1.078942392	4	318	8.08	"MD_LB_SL_JM"	"Banks"	"Port_Hills_North"	2482371	5733412
317	0	0	0	0	0	0.282276546982429	0.824988723500226	1.294942184	4	397	8.67	"LB_SL"	"Banks"	"Port_Hills_North"	2482579	5734002
318	0	0	0	0	0	0.190118013227856	0.263983628922237	0.779484211	15	177	9.75	"LB_SL"	"Banks"	"Port_Hills_North"	2481609	5735229
321	0	0	0	0	0	0.822420382165605	0	0.519500371	15	187	8.83	"MD"	"Plain"	"Eyrewell_West"	2447798	5756513
322	0	0	0	0	0	0.45955929180996	0	0.916000163	8	190	8.58	"SL"	"Plain"	"Eyrewell_West"	2447288	5754438
323	0	0	0	0	0	0.822720326031584	0.0303405572755418	0.68937676	8	297	7.67	"DH_LB"	"Foot_hills"	"Mt_Thomas"	2456926	5779228
325	0	0	0	0	0	0.636606801681315	0.040016006402561	0.762292335	8	317	8	"DH"	"Foot_hills"	"Mt_Thomas"	2457448	5779385
327	0	0	0	0	0	0.769769514835095	0.162282878411911	0.916131137	25	556	9.58	"DH"	"Foot_hills"	"Mt_Thomas"	2459382	5782845
329	0	0	0	0	0	0.356897210546427	0.47180585296217	0.898426634	25	494	9.67	"LB"	"Foot_hills"	"Mt_Thomas"	2459531	5782273
331	0	0	0	0	0	0.991211310661062	0.0487021331277307	0.243988839	15	372	8.25	"LB"	"Foot_hills"	"Mt_Thomas"	2456637	5779659
333	0	0	0	0	0	0.426006113092206	0.0723467862481315	0.792776602	4	404	8.57	"JM"	"Foot_hills"	"Mt_Thomas"	2457886	5780001
335	0	0	0	0	0	0.107729530115879	0	0.341741884	4	328	8.42	"DH"	"Foot_hills"	"Mt_Thomas"	2458651	5779948
337	0	0	0	0	0	0.782785841609371	0	0.600210648	4	252	8.5	"LB"	"Foot_hills"	"Mt_Thomas"	2459430	5779414
340	0	0	0	0	0	0.559673926888295	0	0.686008221	2	348	8.08	"LB"	"Foot_hills"	"Mt_Thomas"	2457936	5779538
342	0	0	0	0	0	0.835844360015721	0.632915360501567	1.0568878	8	947	9.88	"SL"	"Foot_hills"	"Mt_Thomas"	2457158	5781475
344	0	0	0	0	0	0.96191567953127	0.7578125	0.694312771	8	845	10.07	"JM"	"Foot_hills"	"Mt_Thomas"	2456971	5781233
346	1	0	0	1	1	1	0.632336091661362	0.657700657	4	504	11.35	"SL_JM"	"Foot_hills"	"Mt_Thomas"	2456581	5780494
348	0	0	0	0	0	0.982183761771443	0.622181912412542	0.740588011	25	393	7.83	"SL_JM"	"Foot_hills"	"Mt_Thomas"	2455947	5780048
350	0	0	0	0	0	0.945632798573975	0.889861316817019	0.539129108	25	613	8.08	"MD"	"Foot_hills"	"Mt_Thomas"	2455462	5780358
352	1	0	0	1	1	0.990705373058314	1	0.052734525	15	735	8.58	"MD"	"Foot_hills"	"Mt_Thomas"	2455475	5780681
354	0	1	0	1	1	1	1	0	25	753	9.83	"MD"	"Foot_hills"	"Mt_Thomas"	2455569	5780950
356	0	0	1	1	1	1	1	0	25	612	10.08	"MD"	"Foot_hills"	"Mt_Thomas"	2455758	5780802
358	0	0	0	0	0	0.187576959912437	1	0.838277756	8	444	9.52	"SL"	"Banks"	"Port_Hills_Centre"	2479699	5726641
359	0	0	0	0	0	0.258120572116027	1	1.050785652	4	486	10.28	"JM"	"Banks"	"Port_Hills_Centre"	2479504	5727360
360	0	1	0	1	1	0.916454406520632	1	0.287344666	15	950	11.58	"LB"	"Foot_hills"	"Mt_Thomas"	2455838	5782850
361	0	0	0	0	0	0.466437396509999	1	1.058056448	8	336	8.2	"SL_JM"	"Banks"	"Port_Hills_Centre"	2478657	5727180
362	0	0	0	0	0	0.842607920539921	1	0.539981822	15	966	10	"LB"	"Foot_hills"	"Mt_Thomas"	2456470	5782667
364	0	0	0	0	0	1	1	0	15	690	10.2	"SL_JM"	"Foot_hills"	"Mt_Thomas"	2456460	5781626
366	1	1	1	3	2	1	1	0	8	563	9.55	"SL_JM"	"Foot_hills"	"Mt_Thomas"	2456156	5781204
367	0	0	0	0	0	0.211206345145196	1	0.808489737	8	376	9.2	"DH"	"Banks"	"Prices_Valley"	2489592	5717302
368	0	0	0	0	0	1	1	0	15	525	10.78	"SL_JM"	"Foot_hills"	"Mt_Thomas"	2455956	5780882
369	0	0	0	0	0	0.478543231885903	0.0228845130388505	1.185856008	25	406	8.12	"MD"	"Banks"	"Port_Hills_Centre"	2479479	5729021
370	0	0	0	0	0	1	0.999745385105029	0.002361714	8	530	8.5	"SL_JM"	"Foot_hills"	"Mt_Thomas"	2455914	5780549
371	0	0	0	0	0	0.395952653684612	1	1.12622329	8	334	10.22	"EB"	"Banks"	"Prices_Valley"	2488607	5718008
375	0	0	0	0	0	0.221938775510204	1	0.713235361	4	457	9.67	"LB"	"Banks"	"Prices_Valley"	2490392	5718719
376	0	0	0	0	0	0.660891719745223	0.111025443330763	0.87086472	4	360	8.45	"SL"	"Foot_hills"	"Mt_Thomas"	2457249	5779592
377	0	0	0	0	0	0.52021425838541	1	1.013564747	4	269	11.92	"LB"	"Banks"	"Prices_Valley"	2489729	5718072
378	0	0	0	0	0	0.966114649681528	0.146756329113924	0.550908368	15	493	8.08	"SL"	"Foot_hills"	"Mt_Thomas"	2456949	5780071
380	0	0	0	0	0	0.835094868203234	0.161482159194876	0.816926639	8	558	7.42	"LB"	"Foot_hills"	"Mt_Thomas"	2457928	5780638
382	0	0	0	0	0	0.733680746023039	0.193271028037383	0.93975032	25	567	7.53	"JM"	"Foot_hills"	"Mt_Thomas"	2458540	5781428
384	0	0	0	0	0	0.953763851738632	0.146634615384615	0.584834335	15	533	8.22	"JM"	"Foot_hills"	"Mt_Thomas"	2457461	5780325
386	0	0	0	0	0	0.358589074239144	0.3984375	0.893707702	15	451	7.32	"SL"	"Foot_hills"	"Mt_Thomas"	2458596	5780805
388	0	0	0	0	0	0.349038583980644	0.0616563298066399	1.304084975	8	300	8.95	"DH"	"Foot_hills"	"Mt_Thomas"	2459508	5780104
390	0	0	0	0	0	0.097669680376926	0.85658409387223	1.19093576	15	296	9	"LB"	"Foot_hills"	"Mt_Thomas"	2459678	5780560
392	0	0	0	0	0	0.905274345688854	0.202670971529205	0.769670389	15	795	10.5	"JM"	"Foot_hills"	"Mt_Thomas"	2457445	5781244
400	0	0	0	0	0	0.456131414745957	0	0.689293322	25	191	8.08	"MD"	"Plain"	"Eyrewell_West"	2447221	5755156
401	0	0	0	0	0	0.558272831486435	1	0.947297245	4	315	8.77	"SL_JM"	"Banks"	"Port_Hills_Centre"	2478755	5726943
402	0	0	0	0	0	0.406059063136456	1	1.080438994	8	164	9.87	"SL_JM"	"Banks"	"Port_Hills_Centre"	2478247	5726737
403	0	0	0	0	0	0.256187803010972	1	1.34029102	4	254	9.02	"EB"	"Banks"	"Prices_Valley"	2488655	5717677
404	0	0	0	0	0	0.292177914110429	1	0.928835652	8	265	8.58	"DH"	"Banks"	"Prices_Valley"	2489347	5717427
405	0	0	0	0	0	0.395849248790425	1	0.79127446	15	403	10.97	"EB"	"Banks"	"Prices_Valley"	2488545	5718339
408	0	0	0	0	0	0.408332271626959	1	1.088602524	8	332	11.42	"LB"	"Banks"	"Prices_Valley"	2489935	5718000
409	0	0	0	0	0	0.314500701441143	1	0.969533957	8	354	10.5	"LB"	"Banks"	"Prices_Valley"	2489982	5718508
411	0	0	0	0	0	0.668024439918534	0	0.84771869	15	204	10.17	"MD"	"Plain"	"Eyrewell_West"	2445378	5754319
412	0	0	0	0	0	0.300942435048395	0	1.017217893	8	179	8.2	"SL"	"Plain"	"Eyrewell_Centre_Wes"	2448658	5754941
420	0	0	0	0	0	0.515923566878981	1	0.991201332	8	320	9.15	"SL_JM"	"Banks"	"Port_Hills_Centre"	2479067	5726939
421	0	0	0	0	0	0.529426751592357	1	1.064340882	4	274	10.83	"SL_JM"	"Banks"	"Port_Hills_Centre"	2478848	5726809
422	0	0	0	0	0	0.180613934530633	0	1.506099051	25	258	9.83	"DH"	"Banks"	"Port_Hills_Centre"	2478418	5729069
423	0	0	0	0	0	0.478404892342974	0	1.227059505	25	273	10.38	"DH"	"Banks"	"Port_Hills_Centre"	2478794	5728943
424	0	0	0	0	0	0.465995924605196	0	0.969419682	25	402	8.75	"MD"	"Banks"	"Port_Hills_Centre"	2479347	5729158
425	0	0	0	0	0	0.54183114733223	0	1.014462323	25	332	9.33	"MD"	"Banks"	"Port_Hills_Centre"	2479125	5729144
426	0	0	0	0	0	0.506943559689132	0	1.131471942	25	282	9.87	"MD"	"Banks"	"Port_Hills_Centre"	2478886	5729073
427	0	0	0	0	0	0.69061266080754	0	0.899691287	25	329	10.75	"MD"	"Banks"	"Port_Hills_Centre"	2479091	5728922
428	0	0	0	0	0	0.606619987269255	0.00209863588667366	1.093717017	25	397	11.25	"MD"	"Banks"	"Port_Hills_Centre"	2479357	5728895
430	0	0	0	0	0	0.00967167218121659	1	0.546608213	4	174	9	"LB"	"Banks"	"Okains_Bay"	2510884	5720858
431	0	0	0	0	0	0.00585018440798677	1	0.595618555	8	209	9.23	"DH"	"Banks"	"Okains_Bay"	2510532	5720839
432	0	0	0	0	0	0.00127372309259967	1	0.605595449	8	158	8.83	"DH"	"Banks"	"Okains_Bay"	2510559	5720645
438	0	0	0	0	0	0.0249840662842575	0.602040816326531	0.149045089	4	143	9.22	"SL"	"Banks"	"Okains_Bay"	2510910	5719900
439	0	0	0	0	0	0	0	0.348920442	4	211	12.83	"LB"	"Banks"	"Okains_Bay"	2509396	5720334
452	0	0	0	0	0	0.0178275818158665	1	0.570128496	4	225	9.17	"MD"	"Banks"	"Okains_Bay"	2510117	5720810
460	0	0	0	0	0	0.1356495082386	0.94256120527307	1.207309147	25	345	9.33	"EB"	"Banks"	"Ellangowan"	2513905	5713495
462	0	0	0	0	0	0.114479406497826	0.900558659217877	1.089646667	8	329	8.25	"EB"	"Banks"	"Ellangowan"	2513474	5713026
466	0	0	0	0	0	0.341270851903731	0.551119402985075	1.507539303	8	649	8.6	"DH"	"Banks"	"Ellangowan"	2512589	5712159
468	0	0	0	0	0	0.581232492997199	0.446440306681271	1.131054313	8	500	10.27	"DH"	"Banks"	"Ellangowan"	2512760	5711735
470	0	0	0	0	0	0.327018436109345	0.360031104199067	1.172643639	1	291	11.08	"JM"	"Banks"	"Ellangowan"	2513546	5711514
476	0	0	0	0	0	0.284348712719857	0.201255042581802	1.146069641	8	148	8.77	"SL"	"Banks"	"Ellangowan"	2514803	5711621
478	0	0	0	0	0	0.296225695768204	0.183612183612184	1.540770429	4	398	12	"LB"	"Banks"	"Hinewai"	2514190	5710159
480	0	0	0	0	0	0.330404889228419	1	1.23777292	15	457	8.72	"DH"	"Banks"	"Hinewai"	2511553	5710679
483	0	0	0	0	0	0.40793994146838	1	1.073746679	4	207	10.07	"SL_JM"	"Banks"	"Hinewai"	2512648	5709719
485	1	1	1	3	2	0.0947770700636943	1	0.952064832	8	240	9.42	"LB"	"Banks"	"Hinewai"	2512992	5708857
486	0	0	0	0	0	0.331593686354379	1	1.364012724	15	478	9.28	"DH"	"Banks"	"Hinewai"	2511388	5710443
494	0	0	0	0	0	0.0646886540175729	1	0.239678205	8	265	11.72	"SL_JM"	"Banks"	"Okains_Bay"	2510260	5719098
510	0	0	0	0	0	0.132763678102283	1	0.494884026	4	426	11.65	"SL"	"Banks"	"Pigeon_Bay"	2502731	5718865
511	0	0	0	0	0	0.0988066213268318	1	0.527346853	8	415	11.9	"JM"	"Banks"	"Pigeon_Bay"	2502858	5718948
512	0	0	0	0	0	0.179049318210781	0.222775800711744	1.172393909	4	233	7.43	"SL"	"Banks"	"Pigeon_Bay"	2503126	5720134
514	0	0	0	0	0	0.606907059421026	0	1.096772265	15	173	8.5	"JM"	"Banks"	"Pigeon_Bay"	2502466	5719937
515	0	0	0	0	0	0.587710351861295	0.199132321041215	1.449703355	15	157	10.03	"SL"	"Banks"	"Pigeon_Bay"	2501727	5720142
516	0	0	0	0	0	0.295928753180662	0.536113499570077	1.438322663	4	178	10.92	"JM"	"Banks"	"Pigeon_Bay"	2501323	5720376
520	1	0	0	1	2	0.539488744753911	0.228901461574729	1.540271657	25	120	10.37	"SL"	"Banks"	"Pigeon_Bay"	2501814	5720403
522	0	0	0	0	0	0.545524003565516	0	0.863879713	25	77	7.82	"DH"	"Plain"	"Eyrewell_East"	2463924	5754910
523	0	0	0	0	0	0.612759454985356	0	0.919578044	25	99	9.75	"DH"	"Plain"	"Eyrewell_East"	2460058	5753304
524	0	0	0	0	0	0.757479119210326	0.163993584603047	1.153347249	15	107	10.43	"DH"	"Plain"	"Eyrewell_Centre"	2457957	5750647
525	0	0	0	0	0	0.323312101910828	0	1.09376545	25	101	11.08	"DH"	"Plain"	"Eyrewell_East"	2460402	5755255
531	0	0	0	0	0	0.10484076433121	0.92588092345079	1.139250491	8	167	8.92	"LB"	"Banks"	"Hinewai"	2513178	5708730
532	0	0	0	0	0	0.141965082197018	1	1.001383787	8	244	10.42	"LB"	"Banks"	"Hinewai"	2512774	5709029
540	0	0	0	0	0	0.282578174856414	0.350045167118338	1.153809863	25	182	7.33	"MD"	"Banks"	"Mt_Herbert"	2488058	5720998
541	0	0	0	0	0	0.224036744067364	0.727220956719818	1.072594808	8	179	8	"SL"	"Banks"	"Mt_Herbert"	2488941	5721105
542	0	0	0	0	0	0.333928571428571	1	1.000675454	15	288	10.75	"MD"	"Banks"	"Mt_Herbert"	2490051	5721167
545	0	0	0	0	0	0	0	0.658580907	8	279	9.32	"JM"	"Banks"	"Mt_Herbert"	2488892	5721833
546	0	0	0	0	0	0.32933826341961	0.438250096786682	1.234349775	25	179	10	"MD"	"Banks"	"Mt_Herbert"	2488370	5721130
547	0	0	0	0	0	0.0246550843127236	0.746113989637306	0.978129423	4	231	7.83	"MD"	"Banks"	"Mt_Herbert"	2488292	5721644
548	0	0	0	0	0	0	0	0.825538917	8	276	8.25	"MD"	"Banks"	"Mt_Herbert"	2488576	5721915
550	0	0	0	0	0	0.305205549191803	0.0233527939949958	0.654119995	4	43	7.75	"JM"	"Banks"	"Okuti_Valley"	2493029	5712592
551	0	0	0	0	0	0.545188763188	0.0209839123338774	1.195138847	15	127	7.08	"SL"	"Banks"	"Okuti_Valley"	2494536	5712720
552	0	0	0	0	0	0.0611854684512428	0.827083333333333	1.195742877	8	323	8.68	"SL"	"Banks"	"Okuti_Valley"	2494419	5711472
553	1	1	1	3	1	0.125716469239587	0.340425531914894	1.361680232	8	307	10	"MD"	"Banks"	"Okuti_Valley"	2493956	5711337
554	0	0	0	0	0	0.206571574121243	1	1.353526234	4	463	8.25	"MD"	"Banks"	"Okuti_Valley"	2494204	5710786
561	0	0	0	0	0	0.342860788567054	0.735764793449944	1.206856527	8	571	10.13	"SL"	"Banks"	"Ellangowan"	2512329	5711719
563	0	0	0	0	0	0.338699373961927	0.537910222557526	1.164034649	8	147	8.83	"JM"	"Banks"	"Ellangowan"	2514415	5711468
570	0	0	0	0	0	0.451032899770467	1	0.934555197	4	634	11	"MD"	"Banks"	"Mt_Sinclair"	2498773	5720659
571	0	0	0	0	0	0.340040753948039	1	0.865720614	4	736	10.9	"SL"	"Banks"	"Mt_Sinclair"	2499037	5720968
573	1	1	0	2	1	0.527189175389329	1	1.017801208	8	673	10.3	"JM"	"Banks"	"Mt_Sinclair"	2498381	5720780
574	0	0	0	0	0	0.536520076481836	1	1.007820986	8	745	10.17	"SL"	"Banks"	"Mt_Sinclair"	2498471	5720868
575	0	0	0	0	0	0.489746529104573	1	0.897048923	4	621	8.8	"JM"	"Banks"	"Mt_Sinclair"	2497292	5721973
577	0	0	0	0	0	0.392296900905497	0.501300390117035	1.016373364	8	312	10.95	"SL"	"Banks"	"Mt_Sinclair"	2496486	5720650
579	0	0	0	0	0	0.620685246739964	0.148506694129763	0.924483765	15	381	11.02	"EB"	"Banks"	"Mt_Sinclair"	2497027	5719468
580	0	0	0	0	0	0.137479333587689	1	0.50921277	8	431	11.17	"DH"	"Banks"	"Mt_Sinclair"	2496410	5721180
581	0	0	0	0	0	0.244778400407539	0.476586888657648	1.674113801	8	56	10.58	"MD"	"Banks"	"Hinewai"	2513701	5708592
582	0	1	1	2	1	0.166730352821297	0.589763177998472	1.437788494	8	110	8.13	"MD"	"Banks"	"Hinewai"	2513444	5708599
585	1	1	0	2	2	0.166263218244362	0.7272030651341	1.395139779	8	103	10	"MD"	"Banks"	"Hinewai"	2513388	5708711
590	0	0	0	0	0	1	0	0	25	116	7.3	"EB"	"Plain"	"Eyrewell_Centre"	2457399	5751583
591	1	0	1	2	1	0.215591054313099	1	1.185701138	8	360	8.83	"MD"	"Banks"	"Okuti_Valley"	2494021	5710803
595	0	0	0	0	0	0.218295772769703	1	0.945447775	4	426	9.53	"JM"	"Banks"	"Port_Hills_Centre"	2479570	5726637
596	0	0	0	0	0	0.463554255183819	1	1.138861507	4	453	10.83	"JM"	"Banks"	"Port_Hills_Centre"	2479666	5730292
597	0	0	0	0	0	0.808990194830001	0	0.596741805	8	235	11.02	"EB"	"Banks"	"McQueens_Pass"	2483025	5722372
598	1	0	0	1	1	0.907786104407469	0	0.307630265	8	141	9.33	"EB"	"Banks"	"McQueens_Pass"	2482294	5723055
599	0	0	0	0	0	0.748378068947971	0	0.564110013	8	182	12.2	"JM"	"Banks"	"McQueens_Pass"	2482908	5723813
604	0	0	0	0	0	0.356342333163525	0	0.984434542	2	62	8.58	"SL"	"Plain"	"Rakaia"	2443092	5717295
607	0	0	0	0	0	0.120503597122302	0	0.959186589	4	63	8.5	"MD"	"Plain"	"Rakaia"	2442250	5716749
608	0	0	0	0	0	0.412251655629139	0	0.931731611	15	61	10.67	"MD"	"Plain"	"Rakaia"	2442264	5716273
611	0	0	0	0	0	0.548535031847134	0	0.688428455	8	62	11.07	"JM"	"Plain"	"Rakaia"	2441481	5715187
615	0	0	0	0	0	0.48064187468161	0	0.692397519	15	62	11.12	"MD"	"Plain"	"Rakaia"	2442052	5716118
616	0	0	0	0	0	0.0555058191584602	0	0.867053414	4	63	8.83	"MD"	"Plain"	"Rakaia"	2442554	5716942
618	0	0	0	0	0	0.51546785486951	0	0.884246141	2	62	8.98	"SL"	"Plain"	"Rakaia"	2443534	5717643
619	0	0	0	0	0	0.296319877753725	0	0.60771382	15	68	9.42	"MD"	"Plain"	"Rakaia"	2442085	5718590
634	0	0	0	0	0	0.0723659064849025	0	0.259716261	25	133	6.7	"DH"	"Plain"	"Charing_Cross"	2445022	5739141
635	0	0	0	0	0	0.0650490449148167	0	0.240639843	15	124	7.07	"DH"	"Plain"	"Charing_Cross"	2444348	5737250
636	0	0	0	0	0	0.0295428498662931	0	0.133149461	15	119	8.62	"DH"	"Plain"	"Charing_Cross"	2442563	5735958
637	0	0	0	0	0	0.252514962434738	0	0.565081284	15	115	7.78	"DH"	"Plain"	"Charing_Cross"	2441408	5735058
638	0	0	0	0	0	0.47497771552273	0	0.691894428	15	115	8.18	"DH"	"Plain"	"Charing_Cross"	2440917	5734698
640	0	0	0	0	0	0.24085684430512	0	0.552065584	25	101	9.53	"DH"	"Plain"	"Charing_Cross"	2446207	5733887
660	0	0	0	0	0	0.166157372039725	0	0.449740596	8	186	12.4	"JM"	"Plain"	"Darfield"	2441531	5745876
661	0	0	0	0	0	0.159449821701477	0	0.438756431	15	183	12.15	"SL"	"Plain"	"Darfield"	2442148	5745831
662	0	0	0	0	0	0.277021005728835	0	0.590117714	15	178	12.55	"SL"	"Plain"	"Darfield"	2442800	5745648
663	0	0	0	0	0	0	0	0.487464918	8	179	11.52	"DH"	"Plain"	"Darfield"	2443852	5746814
671	0	0	0	0	0	0.377435375015918	0	0.662794648	35	216	7.62	"DH"	"Plain"	"Darfield"	2436730	5747854
672	0	0	0	0	0	0.386731185534191	0	0.667263426	35	220	7.2	"DH"	"Plain"	"Darfield"	2436479	5748323
700	0	0	0	0	0	0.371705080860818	0	1.05315622	15	1	8.43	"SL"	"Plain"	"Bottle_Lake"	2486692	5748245
703	0	0	0	0	0	0.789152024446142	0.0324298160696999	0.800110223	15	5	9.73	"SL"	"Plain"	"Bottle_Lake"	2484476	5748963
704	0	0	0	0	0	0.810876209882832	0.0843411339720434	0.851226643	15	5	10.12	"SL"	"Plain"	"Bottle_Lake"	2484334	5749318
705	0	0	0	0	0	0.91971073613944	0.00221774193548387	0.338025906	8	1	11.08	"SL"	"Plain"	"Bottle_Lake"	2486728	5751942
706	0	0	0	0	0	0.692482570475902	0	0.827584433	15	1	11.48	"SL"	"Plain"	"Bottle_Lake"	2486621	5751614
707	0	0	0	0	0	0.27400930757298	0	1.080435771	4	2	8.63	"JM"	"Plain"	"Bottle_Lake"	2486284	5748715
708	0	0	0	0	0	0.142493314656819	0	0.987006817	15	2	9.02	"JM"	"Plain"	"Bottle_Lake"	2486213	5748431
709	0	0	0	0	0	0.731788079470199	0	0.581472254	25	4	9.97	"JM"	"Plain"	"Bottle_Lake"	2485141	5749238
710	0	0	0	0	0	0.754998089901948	0	0.646886468	25	4	10.33	"JM"	"Plain"	"Bottle_Lake"	2485008	5748892
711	0	0	0	0	0	0.741548042704626	0.0155968806238752	0.780183627	4	1	11.33	"JM"	"Plain"	"Bottle_Lake"	2486586	5751809
712	0	0	0	0	0	0.786558151745865	0	0.617551468	15	1	12	"JM"	"Plain"	"Bottle_Lake"	2486524	5751056
713	0	0	0	0	0	0.642602495543672	0	0.875635631	25	1	11.67	"JM"	"Plain"	"Bottle_Lake"	2486391	5751517
1005	0	0	0	0	0	0.0914300267413727	0.433147632311978	1.003572266	4	424	9	"SL"	"Banks"	"Port_Hills_North"	2482700	5734490
1006	0	0	0	0	0	0.455436720142602	0.960581492871121	1.284209068	8	131	10.58	"SL"	"Banks"	"Port_Hills_North"	2481580	5732200
1007	0	0	0	0	0	0.562348745382754	1	0.781089567	4	403	11.33	"SL"	"Banks"	"Port_Hills_North"	2480400	5731760
1009	0	0	0	0	0	0.715650070036928	0.052846975088968	1.026827555	4	241	7.92	"JM"	"Banks"	"Port_Hills_North"	2481000	5734111
1015	0	0	0	0	0	0.481278655119715	0.0762106377348505	1.212244226	15	6	10.42	"JM"	"Plain"	"Bottle_Lake"	2482351	5752893
1026	0	0	0	0	0	0.660257226537629	0.153905496624879	0.995027344	15	2	9.42	"SL"	"Plain"	"Bottle_Lake"	2485117	5752083
1028	0	0	0	0	0	0.567990832696715	0	0.982820206	15	5	10.25	"SL"	"Plain"	"Bottle_Lake"	2482884	5752705
1029	0	0	0	0	0	0.486146415861718	0.328627450980392	1.471732426	15	188	7.83	"JM"	"Banks"	"Okuti_Valley"	2496381	5712683
1030	0	0	0	0	0	0.521467702892088	0.245296848277547	1.532283045	25	249	8.67	"JM"	"Banks"	"Okuti_Valley"	2496079	5712517
1031	0	0	0	0	0	0.576223776223776	0.211385701676964	1.335245181	8	467	9.42	"JM"	"Banks"	"Okuti_Valley"	2497337	5712065
1035	0	0	0	0	0	0.269628494829567	0.972537878787879	1.00041351	8	176	12.42	"JM"	"Banks"	"Okuti_Valley"	2497469	5713729
1036	0	0	0	0	0	0.234957384556672	0.770979967514889	1.072711142	8	106	13	"JM"	"Banks"	"Okuti_Valley"	2496462	5713633
1042	1	1	1	3	2	0.34683479811489	1	0.747716248	15	189	11.5	"JM"	"Banks"	"Mt_Sinclair"	2499004	5723761
1044	1	1	0	2	3	0.330533282423317	0.795533307662688	0.801981528	15	353	10.5	"JM"	"Banks"	"Mt_Sinclair"	2498953	5722750
1054	0	0	0	0	0	0.00903997962821492	1	0.680671745	8	154	11.83	"SL"	"Banks"	"Mt_Sinclair"	2497797	5718633
1059	0	0	0	0	0	0.798293645740481	0.0344552560216941	0.726825016	15	361	9.88	"EB"	"Banks"	"Port_Hills_North"	2480648	5733151
1060	0	0	0	0	0	0.714012738853503	0.114897413024086	0.89964113	25	238	10.63	"EB"	"Banks"	"Port_Hills_North"	2481033	5733322
1061	0	0	0	0	0	0.333842822570373	0.704311331552842	1.246280624	4	120	9.92	"SL"	"Banks"	"Ellangowan"	2513490	5715433
1062	0	0	0	0	0	0.508727226398267	0.701728024042074	1.248953376	4	92	10.53	"SL"	"Banks"	"Ellangowan"	2513921	5715746
1070	0	0	0	0	0	0.301787994891443	0.663563267033432	1.215596607	8	143	10.08	"DH"	"Banks"	"Ellangowan"	2513567	5715292
1071	0	0	0	0	0	0.377093186756999	0.586779661016949	1.272830758	25	141	10.58	"DH"	"Banks"	"Ellangowan"	2513803	5715439
1078	0	0	0	0	0	0.0744640365343144	0.7206132879046	0.675289476	8	474	11.32	"DH"	"Banks"	"Ellangowan"	2514685	5714675
1079	0	0	0	0	0	0.352821036507531	0.599493487698987	1.212744162	8	144	11.92	"DH"	"Banks"	"Ellangowan"	2514176	5715494
1080	0	0	0	0	0	0.2603001017294	1	0.57337058	2	504	8.08	"SL"	"Banks"	"Pigeon_Bay"	2500220	5718448
1092	0	0	0	0	0	0.069311967442452	1	0.251855574	8	493	9.75	"DH"	"Banks"	"Pigeon_Bay"	2500619	5718644
1097	0	0	0	0	0	0.0956809784685947	1	0.542922696	8	180	7.5	"DH"	"Banks"	"Pigeon_Bay"	2505172	5719601
1099	0	0	0	0	0	0.679017061370003	0	0.62760815	8	4	8.72	"JM"	"Plain"	"Bottle_Lake"	2484550	5749794
1103	0	0	0	0	0	0.91237901171676	0	0.296998828	15	5	8.75	"SL"	"Plain"	"Bottle_Lake"	2484637	5749489
1104	0	0	0	0	0	0.997581158497772	0	0.016988144	15	2	9.5	"SL"	"Plain"	"Bottle_Lake"	2485386	5751111
1126	0	0	0	0	0	0.123503947033359	0.788659793814433	1.035732532	8	163	11.37	"EB"	"Banks"	"McQueens_Pass"	2480386	5725734
1133	0	0	0	0	0	0.166560550108239	1	0.986058621	8	235	10.83	"DH"	"Banks"	"McQueens_Pass"	2480109	5725884
1145	0	0	0	0	0	0.045205653890233	0	0.184148928	8	190	10.2	"JM"	"Plain"	"Darfield"	2443551	5747931
1158	0	0	0	0	0	0.378199414236597	0	0.88776384	15	189	6.88	"DH"	"Plain"	"Darfield"	2439985	5745974
1159	0	0	0	0	0	0.309945243855851	0	0.619056846	15	178	7.35	"DH"	"Plain"	"Darfield"	2442965	5745745
1163	0	0	0	0	0	0.338553603259486	0	0.86941912	15	189	6.83	"SL"	"Plain"	"Darfield"	2440138	5745915
1164	0	0	0	0	0	0.211993888464477	0	0.51658647	15	180	7.33	"SL"	"Plain"	"Darfield"	2442544	5745793
1167	0	0	0	0	0	0.255793226381462	0	0.661547089	25	189	6.9	"JM"	"Plain"	"Darfield"	2440349	5745905
1168	0	0	0	0	0	0.124252068746022	0	0.375312193	15	188	7.3	"JM"	"Plain"	"Darfield"	2440842	5745970
1172	0	0	0	0	0	0.220807334776519	0	0.52792788	8	138	9.67	"DH"	"Plain"	"Charing_Cross"	2442192	5738288
1173	0	0	0	0	0	0.251082251082251	0	0.563520999	15	138	9.98	"DH"	"Plain"	"Charing_Cross"	2442303	5738417
1180	0	0	0	0	0	0.192513368983957	0	0.489846921	8	108	11.58	"SL"	"Plain"	"Charing_Cross"	2445297	5734940
1181	0	0	0	0	0	0.139946517254552	0	0.404866386	8	137	9.63	"JM"	"Plain"	"Charing_Cross"	2442731	5738658
1182	0	0	0	0	0	0.14556800815079	0	0.414943686	8	139	10.03	"JM"	"Plain"	"Charing_Cross"	2442548	5738820
1186	0	0	0	0	0	0.217878517763912	0	0.524209728	4	107	11.57	"JM"	"Plain"	"Charing_Cross"	2445371	5734799
1188	0	0	0	0	0	0.056352591443712	0	0.216811301	4	133	11.5	"SL"	"Plain"	"Charing_Cross"	2444805	5738981
1190	0	0	0	0	0	0.394244237870877	0	0.670608776	15	58	10.72	"JM"	"Plain"	"Rakaia"	2442298	5714916
1195	0	0	0	0	0	0.273711012094208	0	0.586915061	15	66	7.75	"JM"	"Plain"	"Rakaia"	2442762	5718509
1196	0	0	0	0	0	0.330151457299224	0	0.634285844	15	66	8.42	"JM"	"Plain"	"Rakaia"	2442653	5718800
1202	0	0	0	0	0	0.0471028519809008	0	0.18989475	4	60	9.68	"SL"	"Plain"	"Rakaia"	2441396	5713571
1203	0	0	0	0	0	0.350229240957718	0	0.647588433	8	61	10.67	"SL"	"Plain"	"Rakaia"	2441638	5714920
1204	0	0	0	0	0	0.344410491469315	0	0.643917678	15	67	7.42	"DH"	"Plain"	"Rakaia"	2442393	5718417
1208	0	0	0	0	0	0.0475272960822094	0	0.208169157	15	62	9.7	"DH"	"Plain"	"Rakaia"	2441128	5713790
1209	0	0	0	0	0	0.353795211411105	0	0.64976442	25	60	10.65	"DH"	"Plain"	"Rakaia"	2441775	5714865
1210	0	0	0	0	0	0.0654460459680561	0	0.241696698	15	125	10.77	"EB"	"Plain"	"Charing_Cross"	2444250	5737350
1211	0	0	0	0	0	0.444614209320092	0	0.6869994	8	114	11.38	"EB"	"Plain"	"Charing_Cross"	2441300	5734750
1212	0	0	0	0	0	0.208938120702827	0	0.512546357	8	106	11.93	"EB"	"Plain"	"Charing_Cross"	2445220	5734750
1234	0	0	0	0	0	0.848048048048048	1	0.528934404	15	660	7.87	"EB"	"Mont"	"Hawdon_Valley"	2408047	5801726
1235	0	1	0	1	1	0.999866648886518	1	0.001323171	15	659	8.55	"EB"	"Mont"	"Hawdon_Valley"	2408234	5801986
1236	1	0	0	1	1	0.957932859729767	1	0.174458887	15	681	9.35	"EB"	"Mont"	"Hawdon_Valley"	2408208	5802203
1237	0	0	1	1	1	0.938628711355984	1	0.230724119	15	741	10.4	"EB"	"Mont"	"Hawdon_Valley"	2408251	5802544
1238	1	0	1	2	1	0.911120714491501	1	0.322409589	8	761	11.35	"EB"	"Mont"	"Hawdon_Valley"	2408535	5803120
1239	0	0	0	0	0	0.983216356423558	1	0.085242637	15	740	11.97	"EB"	"Mont"	"Hawdon_Valley"	2408417	5802790
1247	0	0	0	0	0	0.674350483953133	1	0.774207729	8	593	10.52	"DH"	"Mont"	"Hawdon_Valley"	2411280	5801030
1248	0	0	0	0	0	0.49598879409143	1	0.693115001	15	566	11.07	"DH"	"Mont"	"Hawdon_Valley"	2410845	5801055
1250	0	0	0	0	0	0.875496031746032	1	0.375803802	8	1201	10.12	"JM"	"Mont"	"Hawdon_Valley"	2409608	5803021
1251	0	0	0	0	0	1	1	0	15	927	7.9	"JM"	"Mont"	"Hawdon_Valley"	2408656	5802134
1252	1	1	1	3	2	0.994505494505495	1	0.034072826	15	957	8.45	"JM"	"Mont"	"Hawdon_Valley"	2408643	5802390
1253	1	1	1	3	2	0.792256978538365	1	0.510950949	15	1103	9.3	"JM"	"Mont"	"Hawdon_Valley"	2409068	5802701
1254	0	0	0	0	0	0.999866524292579	1	0.001324282	8	936	11.33	"JM"	"Mont"	"Hawdon_Valley"	2408872	5802270
1255	0	0	0	0	0	0.986887332908975	1	0.069858932	25	787	11.75	"JM"	"Mont"	"Hawdon_Valley"	2408504	5801954
1257	0	0	0	0	0	0.998344581688527	1	0.012254852	8	705	8.05	"SL"	"Mont"	"Hawdon_Valley"	2412235	5801334
1258	0	0	0	0	0	1	1	0	15	819	8.58	"SL"	"Mont"	"Hawdon_Valley"	2412467	5802154
1259	0	0	1	1	1	1	1	0	15	863	9.1	"SL"	"Mont"	"Hawdon_Valley"	2412802	5802641
1260	1	0	0	1	2	1	1	0	8	839	9.55	"SL"	"Mont"	"Hawdon_Valley"	2412795	5803153
1261	0	0	0	0	0	1	1	0	15	757	10.17	"SL"	"Mont"	"Hawdon_Valley"	2412692	5803581
1262	0	0	0	0	0	1	1	0	15	774	10.68	"SL"	"Mont"	"Hawdon_Valley"	2412800	5803750
1263	0	0	0	0	0	1	1	0	15	755	11.13	"SL"	"Mont"	"Hawdon_Valley"	2412808	5803402
1271	0	0	0	0	0	0.244796322308773	1	0.97889284	35	52	11.83	"JM"	"Banks"	"Prices_Valley"	2487117	5715649
1272	0	0	0	0	0	0.343965297269712	0.844213649851632	1.321106994	4	111	11.5	"JM"	"Banks"	"Prices_Valley"	2487620	5716259
1276	0	0	0	0	0	0.27511749015623	1	1.0735131	25	579	8.8	"JM"	"Banks"	"Prices_Valley"	2488586	5718873
1277	0	0	0	0	0	0.331043256997455	1	0.910369975	15	626	8.33	"DH"	"Banks"	"Prices_Valley"	2490467	5719400
1279	0	0	0	0	0	0.352170039455263	0.427177448500181	1.088712489	15	547	9.35	"DH"	"Banks"	"Prices_Valley"	2491517	5718603
1286	0	0	0	0	0	0.419638308711156	0	1.07650869	8	200	8.27	"DH"	"Plain"	"Eyrewell_West"	2446111	5757357
1287	0	0	0	0	0	0.391619969434539	0	0.669467206	15	198	8.85	"DH"	"Plain"	"Eyrewell_West"	2446017	5756568
1288	0	0	0	0	0	0.80061115355233	0	0.499554017	15	199	9.43	"DH"	"Plain"	"Eyrewell_West"	2446185	5755491
1289	0	0	0	0	0	1	0	0	15	206	10	"DH"	"Plain"	"Eyrewell_West"	2444932	5754850
1294	0	0	0	0	0	0.450006368615463	0	1.051055689	15	202	8.32	"EB"	"Plain"	"Eyrewell_West"	2445695	5757556
1295	0	0	0	0	0	0.489171974522293	0	0.69291267	15	198	8.92	"EB"	"Plain"	"Eyrewell_West"	2445889	5756229
1296	0	0	0	0	0	0.802190803719271	0	0.497350285	25	201	9.37	"EB"	"Plain"	"Eyrewell_West"	2445774	5755644
1297	0	0	0	0	0	0.996944621260344	0	0.021273159	25	203	9.97	"EB"	"Plain"	"Eyrewell_West"	2445500	5754653
1301	0	0	0	0	0	0.844478410393581	0	0.531160163	25	88	11.88	"DH"	"Plain"	"Eyrewell_East"	2462454	5754861
1303	0	0	0	0	0	0.60873440285205	0	0.793598441	4	91	10.88	"SL"	"Plain"	"Eyrewell_East"	2462072	5754659
1307	0	0	0	0	0	0.777041661358135	0	0.674125108	8	93	8.53	"SL"	"Plain"	"Eyrewell_East"	2461590	5754091
1313	0	0	0	0	0	0.688741721854305	0	0.620103739	8	79	11.5	"SL"	"Plain"	"Eyrewell_East"	2463604	5754138
1314	0	0	0	0	0	0.753438614365767	0	0.679720938	15	86	11.83	"SL"	"Plain"	"Eyrewell_East"	2462680	5754400
1315	0	0	0	0	0	0.835817093363903	0	0.549125836	15	84	11.92	"JM"	"Plain"	"Eyrewell_East"	2462867	5754678
1316	0	0	0	0	0	0.793784231308114	0	0.508899494	15	77	11.48	"JM"	"Plain"	"Eyrewell_East"	2463771	5754323
1317	0	0	0	0	0	0.192768016297428	0	1.331151554	4	78	11.05	"JM"	"Plain"	"Eyrewell_East"	2463503	5753266
1319	0	0	0	0	0	0.610467337323316	0	0.87538923	15	104	10.08	"JM"	"Plain"	"Eyrewell_East"	2459407	5752601
1320	0	0	0	0	0	0.788897377132671	0	0.645905263	15	97	9.53	"JM"	"Plain"	"Eyrewell_East"	2460740	5753883
1321	0	0	0	0	0	0.824353585530506	0	0.469645302	15	93	9.12	"JM"	"Plain"	"Eyrewell_East"	2461256	5753744
1322	0	0	0	0	0	0.514645950076414	0	0.692718111	4	93	8.53	"JM"	"Plain"	"Eyrewell_East"	2461560	5754415
1325	0	0	0	0	0	0.230514518593989	0	1.072744453	4	105	7.77	"JM"	"Plain"	"Eyrewell_East"	2459732	5755274
1326	0	0	0	0	0	0.370813701770024	0.0116758241758242	0.856396846	15	396	6.88	"DH"	"Foot_hills"	"Mt_Etna"	2416129	5748503
1327	0	0	0	0	0	0.388004584235324	0	0.682226971	15	446	7.33	"DH"	"Foot_hills"	"Mt_Etna"	2415919	5748656
1335	0	0	0	0	0	0.0165562913907285	1	0.463854663	2	486	10.43	"EB"	"Foot_hills"	"Mt_Etna"	2413000	5748950
1337	0	0	0	0	0	0.0221571373997199	1	0.606075644	15	434	11.62	"EB"	"Foot_hills"	"Mt_Etna"	2413450	5748800
1340	0	0	0	0	0	0.456687898089172	0.155090655509066	0.886423407	8	364	8.95	"SL"	"Foot_hills"	"Mt_Etna"	2415300	5748280
1341	0	0	0	0	0	0.0112059085699733	0	0.07531723	15	376	9.65	"SL"	"Foot_hills"	"Mt_Etna"	2415233	5749238
1344	0	0	0	0	0	0.0291645440652063	0	0.439148392	15	379	11.02	"SL"	"Foot_hills"	"Mt_Etna"	2416126	5749495
1350	0	0	0	0	0	0.155864001018719	1	0.580863802	4	490	10.18	"DH"	"Foot_hills"	"Mt_Etna"	2414011	5750212
1351	0	0	0	0	0	0.197733638910109	1	0.56935579	8	452	10.67	"DH"	"Foot_hills"	"Mt_Etna"	2414318	5750003
1355	0	0	0	0	0	0	0	0.863014053	4	436	8.42	"JM"	"Foot_hills"	"Mt_Etna"	2413465	5749622
1359	0	0	0	0	0	0.0854232972628899	1	0.493383183	8	504	11.08	"JM"	"Foot_hills"	"Mt_Etna"	2416247	5751709
1368	0	0	0	0	0	0.786933265410087	0	0.566916775	8	156	7.5	"SL"	"Plain"	"Eyrewell_Centre_Wes"	2452170	5755589
1369	0	0	0	0	0	1	0	0	4	151	8	"SL"	"Plain"	"Eyrewell_Centre_Wes"	2452868	5755090
1370	0	0	0	0	0	1	0	0	2	152	8.45	"SL"	"Plain"	"Eyrewell_Centre_Wes"	2452655	5754539
1371	0	0	0	0	0	0.856069290536237	0	0.412035195	15	151	9.08	"SL"	"Plain"	"Eyrewell_Centre_Wes"	2452451	5753734
1372	0	0	0	0	0	1	0	0	8	162	9.72	"SL"	"Plain"	"Eyrewell_Centre_Wes"	2451113	5753811
1373	0	0	0	0	0	0.333036282622533	0	1.079038587	8	168	10.33	"SL"	"Plain"	"Eyrewell_Centre_Wes"	2450088	5755301
1374	0	0	0	0	0	0.586378103119032	0	0.678149701	4	163	10.9	"SL"	"Plain"	"Eyrewell_Centre_Wes"	2450903	5755281
1375	0	0	0	0	0	0.583651642475172	0	0.679085955	8	168	11.35	"SL"	"Plain"	"Eyrewell_Centre_Wes"	2450609	5756258
1376	0	0	0	0	0	0.709628120224147	0	0.622274082	15	166	11.77	"SL"	"Plain"	"Eyrewell_Centre_Wes"	2450936	5756720
1377	0	0	0	0	0	0.726161680458307	0.00017531556802244	0.771684226	15	164	11.8	"JM"	"Plain"	"Eyrewell_Centre_Wes"	2451238	5756368
1378	0	0	0	0	0	0.268305106328792	0	1.278421476	15	174	11.42	"JM"	"Plain"	"Eyrewell_Centre_Wes"	2449714	5756505
1379	0	0	0	0	0	0.478100331041508	0	0.692187683	8	163	11	"JM"	"Plain"	"Eyrewell_Centre_Wes"	2451064	5755597
1380	0	0	0	0	0	0.537619350732018	0	0.902225559	4	167	10.42	"JM"	"Plain"	"Eyrewell_Centre_Wes"	2450326	5755156
1381	0	0	0	0	0	0.804023939895581	0	0.494773201	15	163	9.73	"JM"	"Plain"	"Eyrewell_Centre_Wes"	2450864	5753550
1382	0	0	0	0	0	0.767065715741212	0	0.542797634	4	150	9.1	"JM"	"Plain"	"Eyrewell_Centre_Wes"	2452479	5753390
1384	0	0	0	0	0	1	0	0	8	153	8.02	"JM"	"Plain"	"Eyrewell_Centre_Wes"	2452510	5754744
1385	0	0	0	0	0	0.776546982429335	0	0.685744489	15	157	7.52	"JM"	"Plain"	"Eyrewell_Centre_Wes"	2451960	5755463
1393	0	0	0	0	0	0.630667345899134	0	0.739597389	8	109	10.83	"SL"	"Plain"	"Eyrewell_Centre"	2458117	5751158
1394	0	0	0	0	0	0.840825162358334	0	0.438299035	15	136	11.5	"JM"	"Plain"	"Eyrewell_Centre"	2454798	5754625
1395	0	0	0	0	0	1	0	0	15	122	11.08	"JM"	"Plain"	"Eyrewell_Centre"	2456704	5752460
1396	0	0	0	0	0	1	0	0	25	123	10.58	"JM"	"Plain"	"Eyrewell_Centre"	2456577	5750986
1397	0	0	0	0	0	0.469651086240948	0	1.030792105	4	135	10.08	"JM"	"Plain"	"Eyrewell_Centre"	2453856	5750508
1398	0	0	0	0	0	0.680208863983698	0	0.626711922	4	142	9.63	"JM"	"Plain"	"Eyrewell_Centre"	2453640	5751165
1399	0	0	0	0	0	0.954429735234216	0	0.185259555	15	141	9	"JM"	"Plain"	"Eyrewell_Centre"	2454000	5753644
1400	0	0	0	0	0	1	0	0	15	132	8.33	"JM"	"Plain"	"Eyrewell_Centre"	2455506	5753481
1401	0	0	0	0	0	0.707956715467855	0	0.603971083	15	120	7.88	"JM"	"Plain"	"Eyrewell_Centre"	2456918	5753391
1402	0	0	0	0	0	0.630205017190883	0	0.880116898	15	116	7.4	"JM"	"Plain"	"Eyrewell_Centre"	2457798	5754672
1403	0	0	0	0	0	0.237173774665818	0.553945249597423	1.211122859	4	118	7.33	"SL"	"Plain"	"Eyrewell_Centre"	2457637	5755220
1404	0	0	0	0	0	0.871657754010695	0	0.383223191	15	120	7.83	"SL"	"Plain"	"Eyrewell_Centre"	2456849	5753246
1405	0	0	0	0	0	1	0	0	8	132	8.28	"SL"	"Plain"	"Eyrewell_Centre"	2455371	5753245
1406	0	0	0	0	0	0.944748567791216	0	0.213696626	4	141	8.92	"SL"	"Plain"	"Eyrewell_Centre"	2454034	5753467
1409	0	0	0	0	0	1	0	0	15	122	10.47	"SL"	"Plain"	"Eyrewell_Centre"	2456461	5750768
1410	0	0	0	0	0	1	0	0	8	124	11.05	"SL"	"Plain"	"Eyrewell_Centre"	2456495	5752305
1411	0	0	0	0	0	0.896332144676516	0	0.333068133	8	137	11.48	"SL"	"Plain"	"Eyrewell_Centre"	2454627	5754518
1413	0	0	0	0	0	0.71441303794245	0	0.598152883	4	113	11.52	"SL"	"Plain"	"Eyrewell_Centre"	2458123	5754086
1426	0	0	0	0	0	1	1	0	15	546	10.75	"JM"	"Banks"	"Mt_Herbert"	2489495	5722993
1427	0	0	0	0	0	0.769913749365804	1	0.545896662	15	681	11.5	"JM"	"Banks"	"Mt_Herbert"	2489500	5723500
1428	0	0	0	0	0	0.15365014651548	0.000829187396351575	0.851478666	15	520	7.38	"EB"	"Foot_hills"	"Abners_Head"	2427328	5755569
1432	0	0	0	0	0	0.204406520631686	0.26417445482866	1.105504455	25	371	9.88	"EB"	"Foot_hills"	"Abners_Head"	2426238	5755339
1434	0	0	0	0	0	0.229113601630158	0	1.163671082	15	499	11.45	"EB"	"Foot_hills"	"Abners_Head"	2425170	5756051
1435	0	0	0	0	0	0.0590042237296813	0	0.227599258	25	379	12.07	"EB"	"Foot_hills"	"Abners_Head"	2425942	5756500
1441	0	0	0	0	0	0.283239938869078	0.632194244604317	0.782296209	4	377	9.67	"DH"	"Foot_hills"	"Abners_Head"	2427624	5756316
1442	0	0	0	0	0	0.108025477707006	0.459905660377358	0.612584572	35	413	10.7	"DH"	"Foot_hills"	"Abners_Head"	2426885	5756150
1448	0	0	0	0	0	0.190700636942675	0.217100868403474	0.742131805	15	323	8.72	"SL"	"Foot_hills"	"Abners_Head"	2427740	5754229
1449	0	0	0	0	0	0.137417218543046	0.309545875810936	0.515182004	15	308	9.25	"SL"	"Foot_hills"	"Abners_Head"	2427693	5753982
1452	0	0	0	0	0	0.169044585987261	0.346646571213263	0.778933896	15	333	10.85	"SL"	"Foot_hills"	"Abners_Head"	2428253	5754416
1456	0	0	0	0	0	0.213194090677534	0	1.007360675	25	426	11.33	"JM"	"Foot_hills"	"Abners_Head"	2425139	5756315
1462	0	0	0	0	0	0.139164756811816	0	0.682979394	15	348	8	"JM"	"Foot_hills"	"Abners_Head"	2429111	5754887
1464	0	0	0	0	0	0.670188391038697	0.110351377018044	0.966786459	4	189	11.98	"EB"	"Banks"	"Port_Hills_North"	2480690	5734822
1469	0	0	0	0	0	0.0304303539597657	0	0.136234953	15	116	10	"JM"	"Plain"	"Charing_Cross"	2445140	5736195
1476	0	0	0	0	0	0.0814871403106697	1	0.687232483	4	864	9.63	"SL"	"Mont"	"Craigieburn"	2405450	5781000
1479	0	0	0	0	0	0.477281405116457	1	0.692114556	8	793	10.97	"SL"	"Mont"	"Craigieburn"	2404800	5781250
1483	0	0	0	0	0	0.53476821192053	1	0.690727571	15	920	9.13	"DH"	"Mont"	"Craigieburn"	2403178	5780324
1484	0	1	1	2	1	0.696794957757812	1	0.613555519	15	936	9.52	"DH"	"Mont"	"Craigieburn"	2403023	5780366
1485	0	0	0	0	0	0.89382337927514	1	0.33844621	15	955	9.95	"DH"	"Mont"	"Craigieburn"	2402747	5780455
1486	1	1	1	3	2	0.807270709032885	1	0.490156351	15	1046	10.5	"DH"	"Mont"	"Craigieburn"	2402378	5780830
1487	0	1	1	2	1	0.770351437699681	1	0.538851347	15	1184	10.97	"DH"	"Mont"	"Craigieburn"	2402581	5781089
1489	0	0	0	0	0	0.707298433320596	1	0.604552931	15	1078	11.75	"DH"	"Mont"	"Craigieburn"	2402802	5781649
1490	0	0	0	0	0	0.63738222561752	1	0.654909513	15	763	11.75	"JM"	"Mont"	"Craigieburn"	2404559	5781128
1491	1	1	1	3	3	0.623806492679822	1	0.662169875	15	783	11.5	"JM"	"Mont"	"Craigieburn"	2404604	5781636
1492	0	0	0	0	0	0.802495861454221	1	0.496922897	15	817	11	"JM"	"Mont"	"Craigieburn"	2404500	5782083
1493	1	1	1	3	2	0.895963326117407	1	0.333862987	15	830	10.5	"JM"	"Mont"	"Craigieburn"	2404280	5782426
1494	1	1	1	3	3	0.99885394116898	1	0.008905855	15	847	10.08	"JM"	"Mont"	"Craigieburn"	2404467	5782619
1495	1	1	1	3	3	0.974398165838747	1	0.119104333	15	854	9.52	"JM"	"Mont"	"Craigieburn"	2404725	5782316
1496	0	0	0	0	0	0.884899414311179	0.981294964028777	0.508594376	15	887	9.08	"JM"	"Mont"	"Craigieburn"	2404993	5782321
1497	1	1	1	3	4	0.760122230710466	0.840871021775544	1.049434049	15	929	8.58	"JM"	"Mont"	"Craigieburn"	2405277	5782356
1498	0	0	0	0	0	0.626177743824803	0.252541683611224	1.303959525	8	1012	8	"JM"	"Mont"	"Craigieburn"	2405730	5782490
1502	1	0	0	1	1	0.843666454487587	1	0.433539738	15	946	9.25	"EB"	"Mont"	"Craigieburn"	2402976	5780740
1503	0	0	0	0	0	0.982040504394345	1	0.08998789	15	1018	9.83	"EB"	"Mont"	"Craigieburn"	2403314	5781409
1504	1	0	0	1	4	0.988155883851248	1	0.064313296	15	952	10.3	"EB"	"Mont"	"Craigieburn"	2403346	5781545
1505	1	1	1	3	2	0.975162399694306	1	0.116311346	15	981	10.88	"EB"	"Mont"	"Craigieburn"	2403206	5781809
1506	0	1	0	1	2	0.860308162485674	1	0.404403686	15	1035	11.4	"EB"	"Mont"	"Craigieburn"	2402991	5781955
1507	0	0	0	0	0	0.788870495352095	1	0.51544934	15	977	11.97	"EB"	"Mont"	"Craigieburn"	2403271	5781025
1508	1	1	0	2	2	0.797020247039348	1	0.504505594	15	631	10.83	"EB"	"Mont"	"Hawdon_Valley"	2408344	5801644
1509	0	0	1	1	1	0.875875238701464	1	0.375063516	15	761	11.67	"EB"	"Mont"	"Hawdon_Valley"	2408617	5801834
1510	1	0	1	2	1	1	1	0	15	843	12.38	"EB"	"Mont"	"Hawdon_Valley"	2408513	5802129
1511	0	0	0	0	0	0.929329571409378	1	0.255369695	15	1038	13.7	"EB"	"Mont"	"Hawdon_Valley"	2408854	5802483
1512	0	0	0	0	0	1	0	0	15	187	9.5	"JM"	"Banks"	"Port_Hills_North"	2480240	5733887
1513	0	0	0	0	0	0.947656647987774	0	0.205358133	15	181	9.53	"SL"	"Banks"	"Port_Hills_North"	2479954	5734157
1514	0	0	0	0	0	0.0220297975296065	0	0.105836933	15	207	9.72	"JM"	"Plain"	"Darfield"	2440390	5748496
